0,1,189
0,2,485
0,3,1966
0,4,125
0,5,101
0,6,151
0,7,798
0,8,162
0,9,699
0,10,1575
0,11,1631
0,12,406
0,13,1366
0,14,112
0,15,2334
0,16,1128
0,17,705
0,18,640
0,19,69
0,20,1394
0,21,2338
0,22,368
0,23,2556
0,24,1870
0,25,128
0,26,117
0,27,1385
0,28,138
0,29,177
0,30,412
0,31,74
0,32,273
0,33,144
0,34,2251
0,35,320
0,36,354
0,37,87
0,38,1539
0,39,85
0,40,252
0,41,380
0,42,2601
0,43,661
0,44,270
0,45,2621
0,46,555
0,47,619
0,48,541
0,49,421
0,50,203
0,51,1045
0,52,418
0,53,478
0,54,196
0,55,344
0,56,343
0,57,967
0,58,462
0,59,1280
0,60,792
0,61,71
0,62,216
0,63,538
0,64,135
0,65,525
0,66,1158
0,67,623
0,68,204
0,69,1045
0,70,394
0,71,247
0,72,357
0,73,57
0,74,1731
0,75,144
0,76,995
0,77,252
0,78,2584
0,79,397
0,80,114
0,81,64
0,82,459
0,83,2297
0,84,1143
0,85,329
0,86,1152
0,87,1082
0,88,39
0,89,500
0,90,160
0,91,230
0,92,274
1,0,189
1,2,194
1,3,1634
1,4,66
1,5,64
1,6,235
1,7,504
1,8,372
1,9,354
1,10,763
1,11,503
1,12,180
1,13,1152
1,14,58
1,15,1660
1,16,784
1,17,273
1,18,687
1,19,50
1,20,412
1,21,1360
1,22,135
1,23,1211
1,24,1443
1,25,429
1,26,60
1,27,696
1,28,153
1,29,127
1,30,146
1,31,67
1,32,69
1,33,739
1,34,634
1,35,248
1,36,174
1,37,68
1,38,476
1,39,313
1,40,1118
1,41,128
1,42,578
1,43,394
1,44,184
1,45,1318
1,46,393
1,47,340
1,48,717
1,49,109
1,50,329
1,51,282
1,52,629
1,53,810
1,54,129
1,55,130
1,56,139
1,57,650
1,58,370
1,59,620
1,60,546
1,61,48
1,62,275
1,63,188
1,64,100
1,65,121
1,66,624
1,67,624
1,68,543
1,69,362
1,70,111
1,71,254
1,72,151
1,73,39
1,74,827
1,75,217
1,76,467
1,77,110
1,78,1420
1,79,704
1,80,110
1,81,38
1,82,540
1,83,1589
1,84,1019
1,85,211
1,86,925
1,87,1338
1,88,35
1,89,326
1,90,292
1,91,203
1,92,1209
2,0,485
2,1,194
2,3,2024
2,4,102
2,5,177
2,6,171
2,7,1745
2,8,160
2,9,1200
2,10,1893
2,11,1916
2,12,2532
2,13,1811
2,14,65
2,15,2765
2,16,1838
2,17,333
2,18,1036
2,19,160
2,20,1695
2,21,3126
2,22,579
2,23,3581
2,24,2201
2,25,103
2,26,81
2,27,1288
2,28,101
2,29,171
2,30,2108
2,31,231
2,32,171
2,33,101
2,34,1485
2,35,559
2,36,274
2,37,54
2,38,1900
2,39,154
2,40,206
2,41,251
2,42,1483
2,43,666
2,44,541
2,45,3682
2,46,504
2,47,720
2,48,682
2,49,279
2,50,404
2,51,1202
2,52,306
2,53,712
2,54,310
2,55,157
2,56,238
2,57,1048
2,58,527
2,59,2219
2,60,1356
2,61,73
2,62,268
2,63,518
2,64,126
2,65,406
2,66,1738
2,67,642
2,68,215
2,69,2247
2,70,772
2,71,355
2,72,909
2,73,54
2,74,2848
2,75,190
2,76,1464
2,77,157
2,78,3936
2,79,327
2,80,111
2,81,76
2,82,455
2,83,2894
2,84,1364
2,85,496
2,86,1773
2,87,1462
2,88,48
2,89,813
2,90,355
2,91,224
2,92,208
3,0,1966
3,1,1634
3,2,2024
3,4,355
3,5,418
3,6,800
3,7,5829
3,8,1040
3,9,4130
3,10,6677
3,11,6504
3,12,1763
3,13,9412
3,14,217
3,15,10601
3,16,6869
3,17,1938
3,18,5168
3,19,156
3,20,5466
3,21,11987
3,22,1772
3,23,14479
3,24,11824
3,25,621
3,26,177
3,27,5565
3,28,662
3,29,511
3,30,1530
3,31,271
3,32,479
3,33,896
3,34,6185
3,35,1528
3,36,1344
3,37,205
3,38,6946
3,39,837
3,40,1641
3,41,1201
3,42,5854
3,43,5916
3,44,1127
3,45,15010
3,46,2066
3,47,3199
3,48,3122
3,49,810
3,50,1694
3,51,3955
3,52,2336
3,53,4049
3,54,1079
3,55,882
3,56,1064
3,57,3567
3,58,2675
3,59,7291
3,60,4690
3,61,96
3,62,1295
3,63,1391
3,64,419
3,65,1272
3,66,6362
3,67,5550
3,68,1162
3,69,3972
3,70,1113
3,71,1672
3,72,1511
3,73,115
3,74,10088
3,75,797
3,76,4909
3,77,844
3,78,15679
3,79,3405
3,80,448
3,81,157
3,82,2944
3,83,13010
3,84,7605
3,85,1389
3,86,6985
3,87,6336
3,88,59
3,89,2987
3,90,1621
3,91,1154
3,92,1581
4,0,125
4,1,66
4,2,102
4,3,355
4,5,44
4,6,76
4,7,288
4,8,70
4,9,398
4,10,659
4,11,778
4,12,94
4,13,308
4,14,71
4,15,354
4,16,167
4,17,93
4,18,257
4,19,37
4,20,720
4,21,340
4,22,59
4,23,609
4,24,383
4,25,47
4,26,44
4,27,363
4,28,46
4,29,53
4,30,94
4,31,38
4,32,65
4,33,53
4,34,262
4,35,68
4,36,72
4,37,45
4,38,182
4,39,58
4,40,125
4,41,90
4,42,234
4,43,95
4,44,93
4,45,624
4,46,94
4,47,107
4,48,72
4,49,83
4,50,86
4,51,660
4,52,138
4,53,215
4,54,73
4,55,140
4,56,108
4,57,99
4,58,144
4,59,665
4,60,127
4,61,36
4,62,71
4,63,61
4,64,72
4,65,154
4,66,363
4,67,105
4,68,79
4,69,149
4,70,225
4,71,76
4,72,87
4,73,40
4,74,433
4,75,52
4,76,198
4,77,99
4,78,681
4,79,89
4,80,95
4,81,38
4,82,112
4,83,606
4,84,226
4,85,286
4,86,269
4,87,207
4,88,35
4,89,124
4,90,78
4,91,82
4,92,74
5,0,101
5,1,64
5,2,177
5,3,418
5,4,44
5,6,58
5,7,420
5,8,78
5,9,217
5,10,282
5,11,261
5,12,113
5,13,602
5,14,39
5,15,443
5,16,425
5,17,78
5,18,407
5,19,47
5,20,224
5,21,602
5,22,221
5,23,696
5,24,499
5,25,52
5,26,38
5,27,206
5,28,46
5,29,44
5,30,105
5,31,67
5,32,53
5,33,54
5,34,225
5,35,93
5,36,76
5,37,37
5,38,328
5,39,70
5,40,96
5,41,63
5,42,216
5,43,194
5,44,102
5,45,711
5,46,101
5,47,157
5,48,170
5,49,74
5,50,101
5,51,168
5,52,98
5,53,258
5,54,216
5,55,54
5,56,57
5,57,164
5,58,147
5,59,302
5,60,310
5,61,53
5,62,84
5,63,107
5,64,63
5,65,91
5,66,370
5,67,300
5,68,83
5,69,259
5,70,79
5,71,150
5,72,109
5,73,32
5,74,485
5,75,58
5,76,238
5,77,72
5,78,750
5,79,126
5,80,51
5,81,50
5,82,107
5,83,587
5,84,392
5,85,78
5,86,350
5,87,436
5,88,40
5,89,741
5,90,130
5,91,79
5,92,84
6,0,151
6,1,235
6,2,171
6,3,800
6,4,76
6,5,58
6,7,523
6,8,123
6,9,439
6,10,564
6,11,489
6,12,157
6,13,753
6,14,49
6,15,880
6,16,467
6,17,158
6,18,560
6,19,38
6,20,417
6,21,848
6,22,141
6,23,1018
6,24,831
6,25,120
6,26,51
6,27,428
6,28,81
6,29,80
6,30,116
6,31,40
6,32,73
6,33,136
6,34,393
6,35,157
6,36,138
6,37,51
6,38,468
6,39,112
6,40,231
6,41,94
6,42,380
6,43,264
6,44,152
6,45,1057
6,46,204
6,47,305
6,48,412
6,49,76
6,50,205
6,51,334
6,52,269
6,53,575
6,54,139
6,55,126
6,56,96
6,57,303
6,58,255
6,59,573
6,60,367
6,61,36
6,62,179
6,63,125
6,64,87
6,65,112
6,66,596
6,67,280
6,68,208
6,69,310
6,70,105
6,71,190
6,72,165
6,73,34
6,74,835
6,75,125
6,76,351
6,77,99
6,78,1117
6,79,224
6,80,103
6,81,35
6,82,264
6,83,952
6,84,537
6,85,181
6,86,775
6,87,619
6,88,34
6,89,267
6,90,163
6,91,104
6,92,226
7,0,798
7,1,504
7,2,1745
7,3,5829
7,4,288
7,5,420
7,6,523
7,8,264
7,9,4173
7,10,4439
7,11,4238
7,12,1383
7,13,6285
7,14,141
7,15,5870
7,16,4521
7,17,648
7,18,4218
7,19,122
7,20,3321
7,21,7924
7,22,1463
7,23,11194
7,24,6783
7,25,205
7,26,101
7,27,2800
7,28,187
7,29,259
7,30,1171
7,31,186
7,32,228
7,33,240
7,34,2645
7,35,1061
7,36,538
7,37,78
7,38,4841
7,39,497
7,40,855
7,41,553
7,42,2464
7,43,1944
7,44,849
7,45,11222
7,46,1084
7,47,1965
7,48,1784
7,49,423
7,50,1262
7,51,2491
7,52,756
7,53,3051
7,54,1161
7,55,511
7,56,437
7,57,1588
7,58,1758
7,59,6694
7,60,3700
7,61,73
7,62,742
7,63,724
7,64,332
7,65,666
7,66,5084
7,67,1513
7,68,662
7,69,2595
7,70,777
7,71,1216
7,72,1383
7,73,88
7,74,9591
7,75,442
7,76,2702
7,77,575
7,78,12504
7,79,929
7,80,466
7,81,82
7,82,918
7,83,8179
7,84,4368
7,85,1103
7,86,5856
7,87,3881
7,88,51
7,89,2736
7,90,1165
7,91,655
7,92,471
8,0,162
8,1,372
8,2,160
8,3,1040
8,4,70
8,5,78
8,6,123
8,7,264
8,9,238
8,10,657
8,11,435
8,12,109
8,13,614
8,14,39
8,15,722
8,16,522
8,17,282
8,18,263
8,19,50
8,20,482
8,21,860
8,22,147
8,23,845
8,24,712
8,25,133
8,26,38
8,27,599
8,28,113
8,29,75
8,30,92
8,31,64
8,32,54
8,33,256
8,34,450
8,35,149
8,36,123
8,37,68
8,38,355
8,39,121
8,40,236
8,41,77
8,42,407
8,43,319
8,44,92
8,45,910
8,46,240
8,47,211
8,48,245
8,49,94
8,50,130
8,51,311
8,52,1126
8,53,249
8,54,84
8,55,86
8,56,166
8,57,399
8,58,143
8,59,440
8,60,388
8,61,45
8,62,89
8,63,190
8,64,51
8,65,136
8,66,378
8,67,523
8,68,131
8,69,343
8,70,116
8,71,84
8,72,107
8,73,34
8,74,562
8,75,127
8,76,343
8,77,64
8,78,889
8,79,577
8,80,54
8,81,47
8,82,442
8,83,1027
8,84,468
8,85,205
8,86,495
8,87,483
8,88,40
8,89,170
8,90,126
8,91,118
8,92,378
9,0,699
9,1,354
9,2,1200
9,3,4130
9,4,398
9,5,217
9,6,439
9,7,4173
9,8,238
9,10,6060
9,11,6124
9,12,1005
9,13,4417
9,14,129
9,15,5519
9,16,3154
9,17,506
9,18,2894
9,19,79
9,20,5369
9,21,6575
9,22,1224
9,23,10502
9,24,5415
9,25,185
9,26,109
9,27,4015
9,28,124
9,29,322
9,30,850
9,31,135
9,32,275
9,33,185
9,34,2386
9,35,847
9,36,421
9,37,82
9,38,4009
9,39,273
9,40,682
9,41,540
9,42,2005
9,43,1138
9,44,761
9,45,10643
9,46,1232
9,47,1681
9,48,1984
9,49,504
9,50,915
9,51,4117
9,52,612
9,53,2239
9,54,837
9,55,399
9,56,572
9,57,1696
9,58,1237
9,59,7891
9,60,2206
9,61,60
9,62,720
9,63,680
9,64,205
9,65,1016
9,66,8495
9,67,1100
9,68,494
9,69,2151
9,70,1047
9,71,751
9,72,1828
9,73,72
9,74,8017
9,75,312
9,76,2201
9,77,438
9,78,11291
9,79,524
9,80,219
9,81,60
9,82,626
9,83,8221
9,84,2703
9,85,1730
9,86,4750
9,87,3532
9,88,38
9,89,1395
9,90,783
9,91,336
9,92,352
10,0,1575
10,1,763
10,2,1893
10,3,6677
10,4,659
10,5,282
10,6,564
10,7,4439
10,8,657
10,9,6060
10,11,14411
10,12,1403
10,13,5842
10,14,113
10,15,9501
10,16,5385
10,17,1193
10,18,3346
10,19,142
10,20,13604
10,21,11382
10,22,1633
10,23,16058
10,24,7493
10,25,424
10,26,262
10,27,9907
10,28,249
10,29,789
10,30,1342
10,31,210
10,32,757
10,33,548
10,34,5100
10,35,1109
10,36,876
10,37,97
10,38,6498
10,39,428
10,40,834
10,41,739
10,42,4305
10,43,1829
10,44,755
10,45,16613
10,46,2958
10,47,2427
10,48,3132
10,49,1623
10,50,1058
10,51,10524
10,52,1349
10,53,2795
10,54,690
10,55,481
10,56,1763
10,57,4222
10,58,1162
10,59,10465
10,60,3172
10,61,132
10,62,915
10,63,2022
10,64,235
10,65,3193
10,66,8946
10,67,2068
10,68,707
10,69,4112
10,70,2600
10,71,905
10,72,1902
10,73,92
10,74,9367
10,75,408
10,76,4187
10,77,305
10,78,17017
10,79,1149
10,80,232
10,81,157
10,82,1143
10,83,16316
10,84,3720
10,85,3552
10,86,5631
10,87,4713
10,88,60
10,89,1677
10,90,877
10,91,475
10,92,974
11,0,1631
11,1,503
11,2,1916
11,3,6504
11,4,778
11,5,261
11,6,489
11,7,4238
11,8,435
11,9,6124
11,10,14411
11,12,1479
11,13,5221
11,14,132
11,15,8586
11,16,4515
11,17,1215
11,18,3185
11,19,111
11,20,15365
11,21,10127
11,22,1456
11,23,15119
11,24,7025
11,25,253
11,26,216
11,27,9238
11,28,211
11,29,570
11,30,1493
11,31,165
11,32,741
11,33,315
11,34,5696
11,35,955
11,36,752
11,37,105
11,38,5992
11,39,327
11,40,695
11,41,916
11,42,4497
11,43,1546
11,44,824
11,45,15661
11,46,2289
11,47,2142
11,48,1978
11,49,1515
11,50,950
11,51,12198
11,52,1057
11,53,2483
11,54,632
11,55,547
11,56,1657
11,57,3147
11,58,1315
11,59,11040
11,60,2671
11,61,96
11,62,725
11,63,1575
11,64,253
11,65,3194
11,66,8197
11,67,1899
11,68,569
11,69,4010
11,70,3115
11,71,806
11,72,1711
11,73,89
11,74,8816
11,75,338
11,76,4012
11,77,418
11,78,16142
11,79,874
11,80,229
11,81,135
11,82,1016
11,83,14710
11,84,3263
11,85,3572
11,86,5132
11,87,4108
11,88,58
11,89,1651
11,90,807
11,91,452
11,92,609
12,0,406
12,1,180
12,2,2532
12,3,1763
12,4,94
12,5,113
12,6,157
12,7,1383
12,8,109
12,9,1005
12,10,1403
12,11,1479
12,13,1491
12,14,67
12,15,2276
12,16,1385
12,17,294
12,18,890
12,19,113
12,20,1123
12,21,2358
12,22,409
12,23,2791
12,24,1806
12,25,81
12,26,72
12,27,838
12,28,98
12,29,132
12,30,1818
12,31,156
12,32,133
12,33,102
12,34,1214
12,35,438
12,36,221
12,37,60
12,38,1445
12,39,141
12,40,238
12,41,223
12,42,1202
12,43,580
12,44,575
12,45,2859
12,46,370
12,47,558
12,48,559
12,49,206
12,50,365
12,51,848
12,52,285
12,53,581
12,54,295
12,55,182
12,56,187
12,57,668
12,58,528
12,59,1578
12,60,1016
12,61,43
12,62,238
12,63,307
12,64,126
12,65,298
12,66,1311
12,67,496
12,68,182
12,69,1512
12,70,562
12,71,276
12,72,542
12,73,53
12,74,2245
12,75,167
12,76,1163
12,77,177
12,78,3069
12,79,253
12,80,123
12,81,49
12,82,422
12,83,2265
12,84,1053
12,85,360
12,86,1479
12,87,1156
12,88,41
12,89,739
12,90,321
12,91,164
12,92,185
13,0,1366
13,1,1152
13,2,1811
13,3,9412
13,4,308
13,5,602
13,6,753
13,7,6285
13,8,614
13,9,4417
13,10,5842
13,11,5221
13,12,1491
13,14,192
13,15,9457
13,16,5784
13,17,1126
13,18,5557
13,19,136
13,20,4048
13,21,10137
13,22,1595
13,23,13140
13,24,9887
13,25,472
13,26,180
13,27,4491
13,28,363
13,29,524
13,30,1280
13,31,247
13,32,505
13,33,602
13,34,4193
13,35,1089
13,36,1037
13,37,138
13,38,5753
13,39,838
13,40,1457
13,41,874
13,42,4025
13,43,4040
13,44,1072
13,45,13526
13,46,2053
13,47,2911
13,48,4015
13,49,710
13,50,1497
13,51,3197
13,52,1454
13,53,4076
13,54,1331
13,55,739
13,56,794
13,57,3263
13,58,2369
13,59,6698
13,60,4104
13,61,92
13,62,1304
13,63,1296
13,64,492
13,65,1027
13,66,6526
13,67,3192
13,68,1116
13,69,3271
13,70,941
13,71,1689
13,72,1483
13,73,87
13,74,9394
13,75,596
13,76,4166
13,77,800
13,78,14518
13,79,1887
13,80,507
13,81,118
13,82,1570
13,83,11849
13,84,6615
13,85,1079
13,86,6320
13,87,6085
13,88,55
13,89,3688
13,90,1687
13,91,993
13,92,1099
14,0,112
14,1,58
14,2,65
14,3,217
14,4,71
14,5,39
14,6,49
14,7,141
14,8,39
14,9,129
14,10,113
14,11,132
14,12,67
14,13,192
14,15,203
14,16,95
14,17,95
14,18,105
14,19,30
14,20,99
14,21,183
14,22,49
14,23,246
14,24,224
14,25,35
14,26,40
14,27,94
14,28,41
14,29,39
14,30,71
14,31,34
14,32,51
14,33,41
14,34,179
14,35,60
14,36,65
14,37,46
14,38,137
14,39,45
14,40,89
14,41,68
14,42,203
14,43,78
14,44,76
14,45,253
14,46,57
14,47,79
14,48,74
14,49,42
14,50,59
14,51,88
14,52,79
14,53,93
14,54,56
14,55,101
14,56,50
14,57,82
14,58,100
14,59,142
14,60,102
14,61,34
14,62,54
14,63,48
14,64,65
14,65,47
14,66,123
14,67,71
14,68,54
14,69,96
14,70,58
14,71,53
14,72,51
14,73,39
14,74,194
14,75,47
14,76,92
14,77,88
14,78,257
14,79,64
14,80,70
14,81,33
14,82,72
14,83,205
14,84,165
14,85,51
14,86,135
14,87,140
14,88,31
14,89,96
14,90,57
14,91,89
14,92,61
15,0,2334
15,1,1660
15,2,2765
15,3,10601
15,4,354
15,5,443
15,6,880
15,7,5870
15,8,722
15,9,5519
15,10,9501
15,11,8586
15,12,2276
15,13,9457
15,14,203
15,16,7535
15,17,1854
15,18,4490
15,19,160
15,20,7193
15,21,15473
15,22,2160
15,23,17314
15,24,11548
15,25,749
15,26,301
15,27,8864
15,28,425
15,29,982
15,30,2078
15,31,289
15,32,668
15,33,903
15,34,7125
15,35,1655
15,36,1301
15,37,145
15,38,8250
15,39,644
15,40,2154
15,41,1126
15,42,6711
15,43,2969
15,44,2100
15,45,17989
15,46,4132
15,47,3486
15,48,8386
15,49,1259
15,50,1691
15,51,5186
15,52,1717
15,53,4098
15,54,955
15,55,860
15,56,1253
15,57,7773
15,58,2294
15,59,8853
15,60,5039
15,61,121
15,62,2273
15,63,2870
15,64,384
15,65,1909
15,66,9062
15,67,3553
15,68,1478
15,69,7414
15,70,1770
15,71,1415
15,72,2211
15,73,109
15,74,11545
15,75,664
15,76,5316
15,77,670
15,78,18941
15,79,1821
15,80,484
15,81,146
15,82,1973
15,83,16056
15,84,6907
15,85,1646
15,86,7877
15,87,11334
15,88,73
15,89,2736
15,90,1449
15,91,926
15,92,1719
16,0,1128
16,1,784
16,2,1838
16,3,6869
16,4,167
16,5,425
16,6,467
16,7,4521
16,8,522
16,9,3154
16,10,5385
16,11,4515
16,12,1385
16,13,5784
16,14,95
16,15,7535
16,17,992
16,18,3504
16,19,163
16,20,4057
16,21,10094
16,22,1952
16,23,11538
16,24,6877
16,25,352
16,26,123
16,27,4147
16,28,290
16,29,347
16,30,1189
16,31,240
16,32,308
16,33,475
16,34,3525
16,35,1018
16,36,600
16,37,88
16,38,6339
16,39,484
16,40,853
16,41,550
16,42,3393
16,43,2529
16,44,807
16,45,11820
16,46,1667
16,47,2340
16,48,2610
16,49,681
16,50,1023
16,51,2782
16,52,1015
16,53,2627
16,54,823
16,55,392
16,56,617
16,57,3068
16,58,1305
16,59,5312
16,60,3321
16,61,126
16,62,794
16,63,1572
16,64,233
16,65,1009
16,66,5717
16,67,2336
16,68,724
16,69,3501
16,70,856
16,71,1121
16,72,1578
16,73,82
16,74,8123
16,75,436
16,76,3226
16,77,329
16,78,12293
16,79,1485
16,80,199
16,81,150
16,82,1210
16,83,9619
16,84,4258
16,85,991
16,86,5390
16,87,4729
16,88,59
16,89,2103
16,90,1034
16,91,392
16,92,803
17,0,705
17,1,273
17,2,333
17,3,1938
17,4,93
17,5,78
17,6,158
17,7,648
17,8,282
17,9,506
17,10,1193
17,11,1215
17,12,294
17,13,1126
17,14,95
17,15,1854
17,16,992
17,18,444
17,19,52
17,20,1036
17,21,1864
17,22,269
17,23,2014
17,24,1529
17,25,143
17,26,85
17,27,1130
17,28,190
17,29,137
17,30,337
17,31,66
17,32,189
17,33,158
17,34,1591
17,35,238
17,36,267
17,37,103
17,38,1165
17,39,82
17,40,257
17,41,228
17,42,1523
17,43,590
17,44,187
17,45,2096
17,46,438
17,47,435
17,48,490
17,49,310
17,50,180
17,51,705
17,52,684
17,53,398
17,54,135
17,55,245
17,56,312
17,57,805
17,58,271
17,59,923
17,60,663
17,61,49
17,62,176
17,63,390
17,64,96
17,65,373
17,66,905
17,67,684
17,68,172
17,69,767
17,70,258
17,71,162
17,72,260
17,73,49
17,74,1298
17,75,118
17,76,773
17,77,109
17,78,2022
17,79,591
17,80,82
17,81,55
17,82,648
17,83,1960
17,84,887
17,85,278
17,86,990
17,87,901
17,88,32
17,89,374
17,90,145
17,91,174
17,92,316
18,0,640
18,1,687
18,2,1036
18,3,5168
18,4,257
18,5,407
18,6,560
18,7,4218
18,8,263
18,9,2894
18,10,3346
18,11,3185
18,12,890
18,13,5557
18,14,105
18,15,4490
18,16,3504
18,17,444
18,19,84
18,20,2435
18,21,6182
18,22,1358
18,23,7712
18,24,6069
18,25,310
18,26,92
18,27,2070
18,28,227
18,29,227
18,30,764
18,31,176
18,32,202
18,33,339
18,34,2044
18,35,711
18,36,557
18,37,85
18,38,3678
18,39,594
18,40,848
18,41,652
18,42,2003
18,43,2079
18,44,537
18,45,7900
18,46,775
18,47,2078
18,48,1721
18,49,321
18,50,1288
18,51,2108
18,52,674
18,53,3716
18,54,971
18,55,368
18,56,290
18,57,1159
18,58,1859
18,59,4346
18,60,2381
18,61,67
18,62,699
18,63,450
18,64,326
18,65,456
18,66,4055
18,67,1704
18,68,899
18,69,1537
18,70,548
18,71,1832
18,72,936
18,73,74
18,74,6219
18,75,455
18,76,2186
18,77,520
18,78,8797
18,79,1009
18,80,326
18,81,67
18,82,865
18,83,6720
18,84,4056
18,85,1012
18,86,4832
18,87,3151
18,88,43
18,89,2388
18,90,1408
18,91,563
18,92,641
19,0,69
19,1,50
19,2,160
19,3,156
19,4,37
19,5,47
19,6,38
19,7,122
19,8,50
19,9,79
19,10,142
19,11,111
19,12,113
19,13,136
19,14,30
19,15,160
19,16,163
19,17,52
19,18,84
19,20,115
19,21,240
19,22,85
19,23,252
19,24,153
19,25,41
19,26,32
19,27,109
19,28,37
19,29,36
19,30,112
19,31,66
19,32,38
19,33,42
19,34,111
19,35,53
19,36,47
19,37,32
19,38,191
19,39,38
19,40,35
19,41,53
19,42,116
19,43,82
19,44,43
19,45,255
19,46,58
19,47,81
19,48,60
19,49,53
19,50,48
19,51,85
19,52,58
19,53,63
19,54,51
19,55,35
19,56,42
19,57,112
19,58,50
19,59,134
19,60,178
19,61,45
19,62,38
19,63,81
19,64,37
19,65,46
19,66,137
19,67,80
19,68,53
19,69,119
19,70,51
19,71,55
19,72,73
19,73,36
19,74,203
19,75,42
19,76,106
19,77,34
19,78,253
19,79,81
19,80,35
19,81,49
19,82,67
19,83,213
19,84,117
19,85,54
19,86,132
19,87,111
19,88,41
19,89,74
19,90,54
19,91,62
19,92,56
20,0,1394
20,1,412
20,2,1695
20,3,5466
20,4,720
20,5,224
20,6,417
20,7,3321
20,8,482
20,9,5369
20,10,13604
20,11,15365
20,12,1123
20,13,4048
20,14,99
20,15,7193
20,16,4057
20,17,1036
20,18,2435
20,19,115
20,21,8861
20,22,1253
20,23,13529
20,24,5679
20,25,231
20,26,198
20,27,9341
20,28,212
20,29,531
20,30,1113
20,31,150
20,32,657
20,33,287
20,34,5105
20,35,820
20,36,589
20,37,83
20,38,5000
20,39,256
20,40,494
20,41,730
20,42,3913
20,43,1265
20,44,569
20,45,14059
20,46,2142
20,47,1675
20,48,1498
20,49,1453
20,50,727
20,51,11449
20,52,953
20,53,1918
20,54,432
20,55,387
20,56,1602
20,57,3159
20,58,867
20,59,10133
20,60,2303
20,61,121
20,62,492
20,63,1693
20,64,169
20,65,3143
20,66,7274
20,67,1732
20,68,445
20,69,3745
20,70,2920
20,71,535
20,72,1443
20,73,83
20,74,7445
20,75,277
20,76,3505
20,77,292
20,78,14349
20,79,888
20,80,151
20,81,159
20,82,926
20,83,13360
20,84,2592
20,85,3484
20,86,4194
20,87,3323
20,88,56
20,89,1088
20,90,584
20,91,379
20,92,555
21,0,2338
21,1,1360
21,2,3126
21,3,11987
21,4,340
21,5,602
21,6,848
21,7,7924
21,8,860
21,9,6575
21,10,11382
21,11,10127
21,12,2358
21,13,10137
21,14,183
21,15,15473
21,16,10094
21,17,1864
21,18,6182
21,19,240
21,20,8861
21,22,4126
21,23,22272
21,24,13165
21,25,670
21,26,271
21,27,9994
21,28,449
21,29,820
21,30,2162
21,31,366
21,32,797
21,33,836
21,34,7377
21,35,1849
21,36,1461
21,37,151
21,38,13896
21,39,762
21,40,1501
21,41,1236
21,42,6953
21,43,4080
21,44,1432
21,45,22928
21,46,3509
21,47,5460
21,48,5735
21,49,1526
21,50,1838
21,51,6535
21,52,1847
21,53,4792
21,54,1404
21,55,752
21,56,1567
21,57,6491
21,58,2484
21,59,11001
21,60,6404
21,61,172
21,62,1560
21,63,3116
21,64,404
21,65,2476
21,66,11096
21,67,3926
21,68,1247
21,69,6639
21,70,2103
21,71,2260
21,72,3040
21,73,130
21,74,15164
21,75,744
21,76,6428
21,77,594
21,78,23469
21,79,2121
21,80,395
21,81,221
21,82,2071
21,83,19801
21,84,7801
21,85,2080
21,86,9611
21,87,8716
21,88,67
21,89,3618
21,90,2054
21,91,906
21,92,1531
22,0,368
22,1,135
22,2,579
22,3,1772
22,4,59
22,5,221
22,6,141
22,7,1463
22,8,147
22,9,1224
22,10,1633
22,11,1456
22,12,409
22,13,1595
22,14,49
22,15,2160
22,16,1952
22,17,269
22,18,1358
22,19,85
22,20,1253
22,21,4126
22,23,4041
22,24,2275
22,25,96
22,26,65
22,27,1684
22,28,79
22,29,92
22,30,350
22,31,111
22,32,159
22,33,97
22,34,1146
22,35,306
22,36,231
22,37,39
22,38,4208
22,39,121
22,40,162
22,41,212
22,42,1050
22,43,603
22,44,257
22,45,4116
22,46,455
22,47,1581
22,48,584
22,49,270
22,50,289
22,51,864
22,52,225
22,53,950
22,54,239
22,55,117
22,56,239
22,57,791
22,58,460
22,59,1641
22,60,1128
22,61,107
22,62,165
22,63,714
22,64,79
22,65,409
22,66,2091
22,67,1101
22,68,176
22,69,1366
22,70,329
22,71,708
22,72,663
22,73,63
22,74,2931
22,75,135
22,76,1163
22,77,100
22,78,4172
22,79,258
22,80,72
22,81,74
22,82,270
22,83,3552
22,84,1294
22,85,279
22,86,1688
22,87,1814
22,88,43
22,89,471
22,90,411
22,91,116
22,92,175
23,0,2556
23,1,1211
23,2,3581
23,3,14479
23,4,609
23,5,696
23,6,1018
23,7,11194
23,8,845
23,9,10502
23,10,16058
23,11,15119
23,12,2791
23,13,13140
23,14,246
23,15,17314
23,16,11538
23,17,2014
23,18,7712
23,19,252
23,20,13529
23,21,22272
23,22,4041
23,24,17106
23,25,589
23,26,303
23,27,12485
23,28,446
23,29,949
23,30,2420
23,31,415
23,32,877
23,33,687
23,34,8244
23,35,2156
23,36,1595
23,37,176
23,38,14337
23,39,799
23,40,1626
23,41,1496
23,42,7632
23,43,4834
23,44,1619
23,45,34706
23,46,4102
23,47,5459
23,48,5948
23,49,1785
23,50,2193
23,51,9914
23,52,2065
23,53,5783
23,54,1859
23,55,1011
23,56,1930
23,57,6681
23,58,3059
23,59,15970
23,60,7733
23,61,174
23,62,1835
23,63,3057
23,64,508
23,65,3274
23,66,15490
23,67,4340
23,68,1287
23,69,7039
23,70,2716
23,71,2362
23,72,3698
23,73,139
23,74,20078
23,75,778
23,76,7331
23,77,908
23,78,32816
23,79,2318
23,80,559
23,81,221
23,82,2175
23,83,25561
23,84,9281
23,85,3463
23,86,11909
23,87,9626
23,88,72
23,89,4591
23,90,2175
23,91,1167
23,92,1304
24,0,1870
24,1,1443
24,2,2201
24,3,11824
24,4,383
24,5,499
24,6,831
24,7,6783
24,8,712
24,9,5415
24,10,7493
24,11,7025
24,12,1806
24,13,9887
24,14,224
24,15,11548
24,16,6877
24,17,1529
24,18,6069
24,19,153
24,20,5679
24,21,13165
24,22,2275
24,23,17106
24,25,579
24,26,222
24,27,6121
24,28,456
24,29,677
24,30,1625
24,31,316
24,32,541
24,33,835
24,34,5643
24,35,1458
24,36,1563
24,37,171
24,38,8096
24,39,821
24,40,1758
24,41,1262
24,42,5460
24,43,3760
24,44,1214
24,45,17591
24,46,2468
24,47,4043
24,48,4267
24,49,931
24,50,1837
24,51,4409
24,52,1784
24,53,4785
24,54,1380
24,55,883
24,56,1106
24,57,3951
24,58,2908
24,59,8214
24,60,5028
24,61,103
24,62,1777
24,63,1397
24,64,446
24,65,1402
24,66,7761
24,67,3402
24,68,1252
24,69,3774
24,70,1219
24,71,2025
24,72,1866
24,73,116
24,74,12252
24,75,732
24,76,4826
24,77,859
24,78,18025
24,79,2185
24,80,511
24,81,147
24,82,2061
24,83,15176
24,84,8942
24,85,1670
24,86,7760
24,87,7092
24,88,61
24,89,3652
24,90,1921
24,91,1263
24,92,1435
25,0,128
25,1,429
25,2,103
25,3,621
25,4,47
25,5,52
25,6,120
25,7,205
25,8,133
25,9,185
25,10,424
25,11,253
25,12,81
25,13,472
25,14,35
25,15,749
25,16,352
25,17,143
25,18,310
25,19,41
25,20,231
25,21,670
25,22,96
25,23,589
25,24,579
25,26,48
25,27,379
25,28,70
25,29,91
25,30,93
25,31,50
25,32,59
25,33,502
25,34,302
25,35,156
25,36,116
25,37,41
25,38,297
25,39,109
25,40,353
25,41,83
25,42,303
25,43,180
25,44,90
25,45,635
25,46,214
25,47,197
25,48,347
25,49,97
25,50,139
25,51,181
25,52,211
25,53,337
25,54,69
25,55,72
25,56,79
25,57,350
25,58,157
25,59,286
25,60,229
25,61,43
25,62,124
25,63,135
25,64,59
25,65,97
25,66,310
25,67,255
25,68,225
25,69,214
25,70,71
25,71,152
25,72,79
25,73,35
25,74,397
25,75,106
25,76,216
25,77,60
25,78,658
25,79,223
25,80,62
25,81,39
25,82,176
25,83,689
25,84,412
25,85,133
25,86,416
25,87,533
25,88,36
25,89,161
25,90,115
25,91,93
25,92,599
26,0,117
26,1,60
26,2,81
26,3,177
26,4,44
26,5,38
26,6,51
26,7,101
26,8,38
26,9,109
26,10,262
26,11,216
26,12,72
26,13,180
26,14,40
26,15,301
26,16,123
26,17,85
26,18,92
26,19,32
26,20,198
26,21,271
26,22,65
26,23,303
26,24,222
26,25,48
26,27,213
26,28,34
26,29,122
26,30,84
26,31,37
26,32,96
26,33,50
26,34,197
26,35,58
26,36,85
26,37,40
26,38,190
26,39,33
26,40,57
26,41,68
26,42,209
26,43,75
26,44,56
26,45,325
26,46,141
26,47,90
26,48,136
26,49,132
26,50,51
26,51,171
26,52,72
26,53,83
26,54,52
26,55,45
26,56,112
26,57,185
26,58,65
26,59,171
26,60,101
26,61,34
26,62,64
26,63,105
26,64,45
26,65,131
26,66,168
26,67,80
26,68,55
26,69,140
26,70,78
26,71,48
26,72,71
26,73,38
26,74,195
26,75,49
26,76,134
26,77,44
26,78,321
26,79,68
26,80,42
26,81,35
26,82,57
26,83,315
26,84,101
26,85,76
26,86,144
26,87,132
26,88,30
26,89,78
26,90,42
26,91,44
26,92,69
27,0,1385
27,1,696
27,2,1288
27,3,5565
27,4,363
27,5,206
27,6,428
27,7,2800
27,8,599
27,9,4015
27,10,9907
27,11,9238
27,12,838
27,13,4491
27,14,94
27,15,8864
27,16,4147
27,17,1130
27,18,2070
27,19,109
27,20,9341
27,21,9994
27,22,1684
27,23,12485
27,24,6121
27,25,379
27,26,213
27,28,246
27,29,723
27,30,881
27,31,175
27,32,621
27,33,480
27,34,4593
27,35,830
27,36,762
27,37,90
27,38,5837
27,39,253
27,40,679
27,41,666
27,42,3887
27,43,1445
27,44,628
27,45,13049
27,46,2771
27,47,2149
27,48,3505
27,49,1235
27,50,674
27,51,6543
27,52,1012
27,53,1941
27,54,370
27,55,338
27,56,1361
27,57,5168
27,58,712
27,59,7102
27,60,2749
27,61,158
27,62,862
27,63,2418
27,64,157
27,65,2231
27,66,6674
27,67,2058
27,68,596
27,69,3971
27,70,1715
27,71,661
27,72,1537
27,73,83
27,74,7245
27,75,277
27,76,3312
27,77,215
27,78,13118
27,79,1144
27,80,138
27,81,177
27,82,1018
27,83,12194
27,84,3119
27,85,2122
27,86,4313
27,87,4570
27,88,61
27,89,997
27,90,589
27,91,341
27,92,864
28,0,138
28,1,153
28,2,101
28,3,662
28,4,46
28,5,46
28,6,81
28,7,187
28,8,113
28,9,124
28,10,249
28,11,211
28,12,98
28,13,363
28,14,41
28,15,425
28,16,290
28,17,190
28,18,227
28,19,37
28,20,212
28,21,449
28,22,79
28,23,446
28,24,456
28,25,70
28,26,34
28,27,246
28,29,41
28,30,92
28,31,45
28,32,45
28,33,96
28,34,373
28,35,128
28,36,87
28,37,58
28,38,252
28,39,77
28,40,128
28,41,122
28,42,337
28,43,226
28,44,77
28,45,480
28,46,93
28,47,141
28,48,105
28,49,60
28,50,113
28,51,140
28,52,232
28,53,189
28,54,71
28,55,95
28,56,72
28,57,184
28,58,161
28,59,245
28,60,214
28,61,33
28,62,64
28,63,86
28,64,46
28,65,63
28,66,203
28,67,271
28,68,95
28,69,195
28,70,68
28,71,86
28,72,94
28,73,37
28,74,341
28,75,93
28,76,200
28,77,90
28,78,493
28,79,353
28,80,48
28,81,37
28,82,540
28,83,436
28,84,348
28,85,116
28,86,329
28,87,234
28,88,26
28,89,130
28,90,89
28,91,87
28,92,150
29,0,177
29,1,127
29,2,171
29,3,511
29,4,53
29,5,44
29,6,80
29,7,259
29,8,75
29,9,322
29,10,789
29,11,570
29,12,132
29,13,524
29,14,39
29,15,982
29,16,347
29,17,137
29,18,227
29,19,36
29,20,531
29,21,820
29,22,92
29,23,949
29,24,677
29,25,91
29,26,122
29,27,723
29,28,41
29,30,133
29,31,48
29,32,107
29,33,105
29,34,380
29,35,109
29,36,121
29,37,35
29,38,382
29,39,61
29,40,117
29,41,90
29,42,382
29,43,145
29,44,103
29,45,1008
29,46,406
29,47,233
29,48,565
29,49,170
29,50,91
29,51,400
29,52,139
29,53,243
29,54,71
29,55,66
29,56,191
29,57,632
29,58,121
29,59,504
29,60,253
29,61,37
29,62,176
29,63,199
29,64,54
29,65,230
29,66,542
29,67,156
29,68,108
29,69,309
29,70,126
29,71,107
29,72,151
29,73,32
29,74,599
29,75,70
29,76,276
29,77,59
29,78,1016
29,79,125
29,80,53
29,81,41
29,82,118
29,83,990
29,84,374
29,85,168
29,86,397
29,87,514
29,88,30
29,89,153
29,90,84
29,91,73
29,92,166
30,0,412
30,1,146
30,2,2108
30,3,1530
30,4,94
30,5,105
30,6,116
30,7,1171
30,8,92
30,9,850
30,10,1342
30,11,1493
30,12,1818
30,13,1280
30,14,71
30,15,2078
30,16,1189
30,17,337
30,18,764
30,19,112
30,20,1113
30,21,2162
30,22,350
30,23,2420
30,24,1625
30,25,93
30,26,84
30,27,881
30,28,92
30,29,133
30,31,152
30,32,181
30,33,91
30,34,1276
30,35,389
30,36,278
30,37,53
30,38,1399
30,39,126
30,40,212
30,41,263
30,42,1289
30,43,478
30,44,392
30,45,2481
30,46,390
30,47,521
30,48,476
30,49,278
30,50,339
30,51,872
30,52,253
30,53,529
30,54,294
30,55,151
30,56,255
30,57,677
30,58,433
30,59,1339
30,60,814
30,61,54
30,62,245
30,63,324
30,64,116
30,65,402
30,66,1184
30,67,398
30,68,177
30,69,1382
30,70,542
30,71,292
30,72,564
30,73,61
30,74,1943
30,75,154
30,76,1102
30,77,147
30,78,2650
30,79,211
30,80,115
30,81,57
30,82,343
30,83,2047
30,84,931
30,85,393
30,86,1261
30,87,937
30,88,33
30,89,643
30,90,285
30,91,167
30,92,181
31,0,74
31,1,67
31,2,231
31,3,271
31,4,38
31,5,67
31,6,40
31,7,186
31,8,64
31,9,135
31,10,210
31,11,165
31,12,156
31,13,247
31,14,34
31,15,289
31,16,240
31,17,66
31,18,176
31,19,66
31,20,150
31,21,366
31,22,111
31,23,415
31,24,316
31,25,50
31,26,37
31,27,175
31,28,45
31,29,48
31,30,152
31,32,39
31,33,52
31,34,135
31,35,72
31,36,67
31,37,40
31,38,235
31,39,56
31,40,71
31,41,56
31,42,162
31,43,126
31,44,66
31,45,418
31,46,93
31,47,113
31,48,123
31,49,52
31,50,77
31,51,114
31,52,77
31,53,159
31,54,84
31,55,49
31,56,51
31,57,171
31,58,85
31,59,199
31,60,194
31,61,48
31,62,74
31,63,90
31,64,45
31,65,57
31,66,209
31,67,123
31,68,62
31,69,161
31,70,59
31,71,92
31,72,87
31,73,31
31,74,308
31,75,55
31,76,150
31,77,46
31,78,453
31,79,101
31,80,39
31,81,57
31,82,83
31,83,366
31,84,234
31,85,74
31,86,211
31,87,201
31,88,40
31,89,160
31,90,71
31,91,66
31,92,72
32,0,273
32,1,69
32,2,171
32,3,479
32,4,65
32,5,53
32,6,73
32,7,228
32,8,54
32,9,275
32,10,757
32,11,741
32,12,133
32,13,505
32,14,51
32,15,668
32,16,308
32,17,189
32,18,202
32,19,38
32,20,657
32,21,797
32,22,159
32,23,877
32,24,541
32,25,59
32,26,96
32,27,621
32,28,45
32,29,107
32,30,181
32,31,39
32,33,52
32,34,528
32,35,100
32,36,146
32,37,41
32,38,590
32,39,42
32,40,77
32,41,141
32,42,483
32,43,163
32,44,79
32,45,923
32,46,274
32,47,266
32,48,229
32,49,275
32,50,74
32,51,529
32,52,98
32,53,175
32,54,85
32,55,76
32,56,272
32,57,299
32,58,101
32,59,501
32,60,219
32,61,45
32,62,92
32,63,183
32,64,52
32,65,305
32,66,442
32,67,159
32,68,78
32,69,325
32,70,205
32,71,119
32,72,174
32,73,38
32,74,524
32,75,54
32,76,385
32,77,55
32,78,880
32,79,97
32,80,52
32,81,43
32,82,82
32,83,914
32,84,241
32,85,164
32,86,344
32,87,315
32,88,30
32,89,184
32,90,68
32,91,52
32,92,89
33,0,144
33,1,739
33,2,101
33,3,896
33,4,53
33,5,54
33,6,136
33,7,240
33,8,256
33,9,185
33,10,548
33,11,315
33,12,102
33,13,602
33,14,41
33,15,903
33,16,475
33,17,158
33,18,339
33,19,42
33,20,287
33,21,836
33,22,97
33,23,687
33,24,835
33,25,502
33,26,50
33,27,480
33,28,96
33,29,105
33,30,91
33,31,52
33,32,52
33,34,345
33,35,151
33,36,129
33,37,50
33,38,319
33,39,201
33,40,531
33,41,92
33,42,329
33,43,211
33,44,89
33,45,748
33,46,265
33,47,209
33,48,354
33,49,86
33,50,183
33,51,206
33,52,387
33,53,416
33,54,78
33,55,79
33,56,110
33,57,412
33,58,174
33,59,322
33,60,296
33,61,41
33,62,137
33,63,136
33,64,60
33,65,105
33,66,336
33,67,352
33,68,282
33,69,211
33,70,75
33,71,160
33,72,101
33,73,38
33,74,428
33,75,148
33,76,251
33,77,65
33,78,796
33,79,409
33,80,73
33,81,43
33,82,256
33,83,984
33,84,585
33,85,161
33,86,475
33,87,641
33,88,30
33,89,188
33,90,184
33,91,112
33,92,945
34,0,2251
34,1,634
34,2,1485
34,3,6185
34,4,262
34,5,225
34,6,393
34,7,2645
34,8,450
34,9,2386
34,10,5100
34,11,5696
34,12,1214
34,13,4193
34,14,179
34,15,7125
34,16,3525
34,17,1591
34,18,2044
34,19,111
34,20,5105
34,21,7377
34,22,1146
34,23,8244
34,24,5643
34,25,302
34,26,197
34,27,4593
34,28,373
34,29,380
34,30,1276
34,31,135
34,32,528
34,33,345
34,35,880
34,36,861
34,37,134
34,38,4579
34,39,256
34,40,665
34,41,857
34,42,6915
34,43,1884
34,44,719
34,45,8578
34,46,1600
34,47,1806
34,48,1810
34,49,1006
34,50,658
34,51,3624
34,52,1081
34,53,1489
34,54,493
34,55,653
34,56,847
34,57,2850
34,58,1265
34,59,4475
34,60,2377
34,61,94
34,62,612
34,63,1448
34,64,266
34,65,1393
34,66,3814
34,67,1966
34,68,565
34,69,3229
34,70,1178
34,71,681
34,72,1114
34,73,93
34,74,5659
34,75,344
34,76,3056
34,77,548
34,78,8591
34,79,1211
34,80,242
34,81,115
34,82,1485
34,83,7498
34,84,3415
34,85,1067
34,86,3746
34,87,3470
34,88,54
34,89,1348
34,90,564
34,91,590
34,92,738
35,0,320
35,1,248
35,2,559
35,3,1528
35,4,68
35,5,93
35,6,157
35,7,1061
35,8,149
35,9,847
35,10,1109
35,11,955
35,12,438
35,13,1089
35,14,60
35,15,1655
35,16,1018
35,17,238
35,18,711
35,19,53
35,20,820
35,21,1849
35,22,306
35,23,2156
35,24,1458
35,25,156
35,26,58
35,27,830
35,28,128
35,29,109
35,30,389
35,31,72
35,32,100
35,33,151
35,34,880
35,36,176
35,37,53
35,38,1094
35,39,153
35,40,237
35,41,148
35,42,825
35,43,529
35,44,323
35,45,2217
35,46,348
35,47,417
35,48,452
35,49,210
35,50,331
35,51,625
35,52,317
35,53,585
35,54,203
35,55,132
35,56,159
35,57,581
35,58,478
35,59,1269
35,60,772
35,61,51
35,62,196
35,63,308
35,64,92
35,65,239
35,66,1186
35,67,514
35,68,215
35,69,974
35,70,274
35,71,327
35,72,405
35,73,56
35,74,1746
35,75,601
35,76,749
35,77,113
35,78,2309
35,79,366
35,80,98
35,81,48
35,82,478
35,83,1749
35,84,831
35,85,448
35,86,1137
35,87,984
35,88,36
35,89,428
35,90,279
35,91,145
35,92,243
36,0,354
36,1,174
36,2,274
36,3,1344
36,4,72
36,5,76
36,6,138
36,7,538
36,8,123
36,9,421
36,10,876
36,11,752
36,12,221
36,13,1037
36,14,65
36,15,1301
36,16,600
36,17,267
36,18,557
36,19,47
36,20,589
36,21,1461
36,22,231
36,23,1595
36,24,1563
36,25,116
36,26,85
36,27,762
36,28,87
36,29,121
36,30,278
36,31,67
36,32,146
36,33,129
36,34,861
36,35,176
36,37,64
36,38,1117
36,39,97
36,40,228
36,41,251
36,42,907
36,43,412
36,44,130
36,45,1667
36,46,428
36,47,564
36,48,479
36,49,246
36,50,231
36,51,477
36,52,300
36,53,525
36,54,189
36,55,173
36,56,258
36,57,608
36,58,339
36,59,613
36,60,452
36,61,56
36,62,271
36,63,251
36,64,112
36,65,294
36,66,704
36,67,305
36,68,179
36,69,451
36,70,143
36,71,325
36,72,212
36,73,53
36,74,1149
36,75,110
36,76,576
36,77,120
36,78,1697
36,79,203
36,80,95
36,81,66
36,82,230
36,83,1578
36,84,1068
36,85,190
36,86,749
36,87,645
36,88,33
36,89,514
36,90,186
36,91,212
36,92,229
37,0,87
37,1,68
37,2,54
37,3,205
37,4,45
37,5,37
37,6,51
37,7,78
37,8,68
37,9,82
37,10,97
37,11,105
37,12,60
37,13,138
37,14,46
37,15,145
37,16,88
37,17,103
37,18,85
37,19,32
37,20,83
37,21,151
37,22,39
37,23,176
37,24,171
37,25,41
37,26,40
37,27,90
37,28,58
37,29,35
37,30,53
37,31,40
37,32,41
37,33,50
37,34,134
37,35,53
37,36,64
37,38,94
37,39,45
37,40,72
37,41,68
37,42,142
37,43,67
37,44,55
37,45,180
37,46,44
37,47,84
37,48,51
37,49,41
37,50,52
37,51,68
37,52,116
37,53,79
37,54,61
37,55,72
37,56,46
37,57,56
37,58,94
37,59,103
37,60,99
37,61,34
37,62,56
37,63,41
37,64,50
37,65,42
37,66,88
37,67,80
37,68,55
37,69,66
37,70,39
37,71,46
37,72,35
37,73,39
37,74,127
37,75,59
37,76,79
37,77,66
37,78,188
37,79,115
37,80,51
37,81,34
37,82,103
37,83,160
37,84,131
37,85,45
37,86,114
37,87,101
37,88,31
37,89,75
37,90,47
37,91,54
37,92,62
38,0,1539
38,1,476
38,2,1900
38,3,6946
38,4,182
38,5,328
38,6,468
38,7,4841
38,8,355
38,9,4009
38,10,6498
38,11,5992
38,12,1445
38,13,5753
38,14,137
38,15,8250
38,16,6339
38,17,1165
38,18,3678
38,19,191
38,20,5000
38,21,13896
38,22,4208
38,23,14337
38,24,8096
38,25,297
38,26,190
38,27,5837
38,28,252
38,29,382
38,30,1399
38,31,235
38,32,590
38,33,319
38,34,4579
38,35,1094
38,36,1117
38,37,94
38,39,338
38,40,644
38,41,893
38,42,4354
38,43,2192
38,44,734
38,45,14577
38,46,1749
38,47,4316
38,48,2133
38,49,1131
38,50,948
38,51,3694
38,52,934
38,53,2642
38,54,923
38,55,481
38,56,1080
38,57,3258
38,58,1502
38,59,6443
38,60,3913
38,61,173
38,62,685
38,63,2232
38,64,251
38,65,1780
38,66,6835
38,67,2027
38,68,574
38,69,4153
38,70,1297
38,71,1629
38,72,2226
38,73,121
38,74,9865
38,75,394
38,76,3936
38,77,388
38,78,14552
38,79,840
38,80,213
38,81,177
38,82,991
38,83,12308
38,84,4382
38,85,1190
38,86,5730
38,87,4281
38,88,48
38,89,2099
38,90,1151
38,91,469
38,92,608
39,0,85
39,1,313
39,2,154
39,3,837
39,4,58
39,5,70
39,6,112
39,7,497
39,8,121
39,9,273
39,10,428
39,11,327
39,12,141
39,13,838
39,14,45
39,15,644
39,16,484
39,17,82
39,18,594
39,19,38
39,20,256
39,21,762
39,22,121
39,23,799
39,24,821
39,25,109
39,26,33
39,27,253
39,28,77
39,29,61
39,30,126
39,31,56
39,32,42
39,33,201
39,34,256
39,35,153
39,36,97
39,37,45
39,38,338
39,40,258
39,41,106
39,42,243
39,43,263
39,44,76
39,45,840
39,46,129
39,47,198
39,48,273
39,49,68
39,50,509
39,51,228
39,52,223
39,53,513
39,54,140
39,55,71
39,56,70
39,57,184
39,58,268
39,59,411
39,60,330
39,61,37
39,62,129
39,63,79
39,64,73
39,65,68
39,66,405
39,67,292
39,68,178
39,69,186
39,70,81
39,71,259
39,72,107
39,73,36
39,74,659
39,75,183
39,76,253
39,77,89
39,78,954
39,79,257
39,80,91
39,81,36
39,82,206
39,83,914
39,84,587
39,85,135
39,86,503
39,87,517
39,88,31
39,89,350
39,90,517
39,91,125
39,92,269
40,0,252
40,1,1118
40,2,206
40,3,1641
40,4,125
40,5,96
40,6,231
40,7,855
40,8,236
40,9,682
40,10,834
40,11,695
40,12,238
40,13,1457
40,14,89
40,15,2154
40,16,853
40,17,257
40,18,848
40,19,35
40,20,494
40,21,1501
40,22,162
40,23,1626
40,24,1758
40,25,353
40,26,57
40,27,679
40,28,128
40,29,117
40,30,212
40,31,71
40,32,77
40,33,531
40,34,665
40,35,237
40,36,228
40,37,72
40,38,644
40,39,258
40,41,170
40,42,626
40,43,394
40,44,348
40,45,1715
40,46,381
40,47,423
40,48,979
40,49,106
40,50,423
40,51,410
40,52,465
40,53,971
40,54,202
40,55,258
40,56,130
40,57,593
40,58,484
40,59,879
40,60,680
40,61,37
40,62,460
40,63,161
40,64,145
40,65,137
40,66,928
40,67,535
40,68,561
40,69,434
40,70,129
40,71,305
40,72,165
40,73,42
40,74,1230
40,75,190
40,76,483
40,77,224
40,78,1947
40,79,469
40,80,175
40,81,35
40,82,427
40,83,1745
40,84,1235
40,85,202
40,86,1111
40,87,1964
40,88,38
40,89,514
40,90,336
40,91,226
40,92,791
41,0,380
41,1,128
41,2,251
41,3,1201
41,4,90
41,5,63
41,6,94
41,7,553
41,8,77
41,9,540
41,10,739
41,11,916
41,12,223
41,13,874
41,14,68
41,15,1126
41,16,550
41,17,228
41,18,652
41,19,53
41,20,730
41,21,1236
41,22,212
41,23,1496
41,24,1262
41,25,83
41,26,68
41,27,666
41,28,122
41,29,90
41,30,263
41,31,56
41,32,141
41,33,92
41,34,857
41,35,148
41,36,251
41,37,68
41,38,893
41,39,106
41,40,170
41,42,829
41,43,333
41,44,178
41,45,1528
41,46,215
41,47,480
41,48,304
41,49,173
41,50,180
41,51,570
41,52,205
41,53,440
41,54,217
41,55,163
41,56,207
41,57,388
41,58,452
41,59,758
41,60,456
41,61,37
41,62,198
41,63,157
41,64,100
41,65,251
41,66,662
41,67,312
41,68,145
41,69,438
41,70,213
41,71,247
41,72,218
41,73,47
41,74,1151
41,75,109
41,76,550
41,77,198
41,78,1573
41,79,203
41,80,105
41,81,40
41,82,241
41,83,1272
41,84,771
41,85,188
41,86,705
41,87,607
41,88,33
41,89,392
41,90,192
41,91,142
41,92,146
42,0,2601
42,1,578
42,2,1483
42,3,5854
42,4,234
42,5,216
42,6,380
42,7,2464
42,8,407
42,9,2005
42,10,4305
42,11,4497
42,12,1202
42,13,4025
42,14,203
42,15,6711
42,16,3393
42,17,1523
42,18,2003
42,19,116
42,20,3913
42,21,6953
42,22,1050
42,23,7632
42,24,5460
42,25,303
42,26,209
42,27,3887
42,28,337
42,29,382
42,30,1289
42,31,162
42,32,483
42,33,329
42,34,6915
42,35,825
42,36,907
42,37,142
42,38,4354
42,39,243
42,40,626
42,41,829
42,43,1911
42,44,666
42,45,7904
42,46,1509
42,47,1811
42,48,1737
42,49,889
42,50,620
42,51,2797
42,52,1040
42,53,1437
42,54,474
42,55,655
42,56,753
42,57,2789
42,58,1279
42,59,3883
42,60,2320
42,61,107
42,62,575
42,63,1406
42,64,274
42,65,1180
42,66,3425
42,67,1843
42,68,519
42,69,3018
42,70,917
42,71,678
42,72,1043
42,73,92
42,74,5241
42,75,322
42,76,2878
42,77,545
42,78,7869
42,79,1118
42,80,238
42,81,120
42,82,1333
42,83,6814
42,84,3543
42,85,823
42,86,3535
42,87,3186
42,88,55
42,89,1325
42,90,530
42,91,642
42,92,713
43,0,661
43,1,394
43,2,666
43,3,5916
43,4,95
43,5,194
43,6,264
43,7,1944
43,8,319
43,9,1138
43,10,1829
43,11,1546
43,12,580
43,13,4040
43,14,78
43,15,2969
43,16,2529
43,17,590
43,18,2079
43,19,82
43,20,1265
43,21,4080
43,22,603
43,23,4834
43,24,3760
43,25,180
43,26,75
43,27,1445
43,28,226
43,29,145
43,30,478
43,31,126
43,32,163
43,33,211
43,34,1884
43,35,529
43,36,412
43,37,67
43,38,2192
43,39,263
43,40,394
43,41,333
43,42,1911
43,44,343
43,45,4986
43,46,603
43,47,1176
43,48,716
43,49,265
43,50,474
43,51,829
43,52,698
43,53,1408
43,54,359
43,55,281
43,56,301
43,57,986
43,58,849
43,59,2086
43,60,1690
43,61,59
43,62,287
43,63,451
43,64,156
43,65,318
43,66,1976
43,67,2726
43,68,386
43,69,1332
43,70,299
43,71,742
43,72,509
43,73,54
43,74,2779
43,75,273
43,76,2036
43,77,286
43,78,5054
43,79,1451
43,80,148
43,81,85
43,82,738
43,83,4043
43,84,2704
43,85,355
43,86,2319
43,87,1803
43,88,47
43,89,911
43,90,559
43,91,434
43,92,438
44,0,270
44,1,184
44,2,541
44,3,1127
44,4,93
44,5,102
44,6,152
44,7,849
44,8,92
44,9,761
44,10,755
44,11,824
44,12,575
44,13,1072
44,14,76
44,15,2100
44,16,807
44,17,187
44,18,537
44,19,43
44,20,569
44,21,1432
44,22,257
44,23,1619
44,24,1214
44,25,90
44,26,56
44,27,628
44,28,77
44,29,103
44,30,392
44,31,66
44,32,79
44,33,89
44,34,719
44,35,323
44,36,130
44,37,55
44,38,734
44,39,76
44,40,348
44,41,178
44,42,666
44,43,343
44,45,1684
44,46,304
44,47,405
44,48,851
44,49,103
44,50,236
44,51,459
44,52,202
44,53,477
44,54,155
44,55,178
44,56,102
44,57,407
44,58,463
44,59,982
44,60,590
44,61,34
44,62,446
44,63,221
44,64,103
44,65,144
44,66,871
44,67,440
44,68,196
44,69,1415
44,70,255
44,71,189
44,72,254
44,73,45
44,74,1299
44,75,118
44,76,730
44,77,200
44,78,1823
44,79,200
44,80,125
44,81,44
44,82,302
44,83,1398
44,84,746
44,85,170
44,86,951
44,87,1661
44,88,31
44,89,380
44,90,174
44,91,120
44,92,169
45,0,2621
45,1,1318
45,2,3682
45,3,15010
45,4,624
45,5,711
45,6,1057
45,7,11222
45,8,910
45,9,10643
45,10,16613
45,11,15661
45,12,2859
45,13,13526
45,14,253
45,15,17989
45,16,11820
45,17,2096
45,18,7900
45,19,255
45,20,14059
45,21,22928
45,22,4116
45,23,34706
45,24,17591
45,25,635
45,26,325
45,27,13049
45,28,480
45,29,1008
45,30,2481
45,31,418
45,32,923
45,33,748
45,34,8578
45,35,2217
45,36,1667
45,37,180
45,38,14577
45,39,840
45,40,1715
45,41,1528
45,42,7904
45,43,4986
45,44,1684
45,46,4286
45,47,5597
45,48,6244
45,49,1844
45,50,2283
45,51,10304
45,52,2165
45,53,5978
45,54,1874
45,55,1030
45,56,2005
45,57,7021
45,58,3164
45,59,16354
45,60,7880
45,61,176
45,62,1933
45,63,3170
45,64,513
45,65,3382
45,66,15845
45,67,4528
45,68,1362
45,69,7272
45,70,2795
45,71,2443
45,72,3752
45,73,144
45,74,20426
45,75,805
45,76,7532
45,77,914
45,78,33634
45,79,2470
45,80,572
45,81,230
45,82,2303
45,83,26361
45,84,9612
45,85,3582
45,86,12189
45,87,10020
45,88,76
45,89,4684
45,90,2253
45,91,1237
45,92,1416
46,0,555
46,1,393
46,2,504
46,3,2066
46,4,94
46,5,101
46,6,204
46,7,1084
46,8,240
46,9,1232
46,10,2958
46,11,2289
46,12,370
46,13,2053
46,14,57
46,15,4132
46,16,1667
46,17,438
46,18,775
46,19,58
46,20,2142
46,21,3509
46,22,455
46,23,4102
46,24,2468
46,25,214
46,26,141
46,27,2771
46,28,93
46,29,406
46,30,390
46,31,93
46,32,274
46,33,265
46,34,1600
46,35,348
46,36,428
46,37,44
46,38,1749
46,39,129
46,40,381
46,41,215
46,42,1509
46,43,603
46,44,304
46,45,4286
46,47,724
46,48,2259
46,49,485
46,50,333
46,51,1553
46,52,444
46,53,901
46,54,178
46,55,169
46,56,494
46,57,2296
46,58,362
46,59,2059
46,60,1049
46,61,52
46,62,582
46,63,861
46,64,82
46,65,745
46,66,2292
46,67,697
46,68,336
46,69,1372
46,70,460
46,71,297
46,72,520
46,73,39
46,74,2393
46,75,132
46,76,1817
46,77,104
46,78,4385
46,79,411
46,80,109
46,81,61
46,82,364
46,83,4228
46,84,1444
46,85,502
46,86,1643
46,87,2244
46,88,33
46,89,526
46,90,259
46,91,196
46,92,479
47,0,619
47,1,340
47,2,720
47,3,3199
47,4,107
47,5,157
47,6,305
47,7,1965
47,8,211
47,9,1681
47,10,2427
47,11,2142
47,12,558
47,13,2911
47,14,79
47,15,3486
47,16,2340
47,17,435
47,18,2078
47,19,81
47,20,1675
47,21,5460
47,22,1581
47,23,5459
47,24,4043
47,25,197
47,26,90
47,27,2149
47,28,141
47,29,233
47,30,521
47,31,113
47,32,266
47,33,209
47,34,1806
47,35,417
47,36,564
47,37,84
47,38,4316
47,39,198
47,40,423
47,41,480
47,42,1811
47,43,1176
47,44,405
47,45,5597
47,46,724
47,48,1184
47,49,371
47,50,497
47,51,1295
47,52,479
47,53,1510
47,54,417
47,55,249
47,56,416
47,57,1293
47,58,918
47,59,2587
47,60,1646
47,61,77
47,62,421
47,63,777
47,64,168
47,65,575
47,66,2706
47,67,995
47,68,409
47,69,1556
47,70,452
47,71,955
47,72,892
47,73,67
47,74,4033
47,75,212
47,76,1818
47,77,291
47,78,5702
47,79,485
47,80,131
47,81,91
47,82,536
47,83,4940
47,84,2510
47,85,473
47,86,2694
47,87,2137
47,88,41
47,89,995
47,90,614
47,91,320
47,92,386
48,0,541
48,1,717
48,2,682
48,3,3122
48,4,72
48,5,170
48,6,412
48,7,1784
48,8,245
48,9,1984
48,10,3132
48,11,1978
48,12,559
48,13,4015
48,14,74
48,15,8386
48,16,2610
48,17,490
48,18,1721
48,19,60
48,20,1498
48,21,5735
48,22,584
48,23,5948
48,24,4267
48,25,347
48,26,136
48,27,3505
48,28,105
48,29,565
48,30,476
48,31,123
48,32,229
48,33,354
48,34,1810
48,35,452
48,36,479
48,37,51
48,38,2133
48,39,273
48,40,979
48,41,304
48,42,1737
48,43,716
48,44,851
48,45,6244
48,46,2259
48,47,1184
48,49,331
48,50,731
48,51,953
48,52,524
48,53,1922
48,54,255
48,55,239
48,56,306
48,57,3972
48,58,745
48,59,2681
48,60,1674
48,61,64
48,62,1469
48,63,1105
48,64,161
48,65,384
48,66,3502
48,67,1107
48,68,739
48,69,2043
48,70,301
48,71,564
48,72,653
48,73,46
48,74,3372
48,75,222
48,76,1399
48,77,210
48,78,6749
48,79,489
48,80,211
48,81,60
48,82,478
48,83,6003
48,84,2782
48,85,362
48,86,2894
48,87,5740
48,88,46
48,89,844
48,90,636
48,91,326
48,92,685
49,0,421
49,1,109
49,2,279
49,3,810
49,4,83
49,5,74
49,6,76
49,7,423
49,8,94
49,9,504
49,10,1623
49,11,1515
49,12,206
49,13,710
49,14,42
49,15,1259
49,16,681
49,17,310
49,18,321
49,19,53
49,20,1453
49,21,1526
49,22,270
49,23,1785
49,24,931
49,25,97
49,26,132
49,27,1235
49,28,60
49,29,170
49,30,278
49,31,52
49,32,275
49,33,86
49,34,1006
49,35,210
49,36,246
49,37,41
49,38,1131
49,39,68
49,40,106
49,41,173
49,42,889
49,43,265
49,44,103
49,45,1844
49,46,485
49,47,371
49,48,331
49,50,124
49,51,1159
49,52,187
49,53,256
49,54,152
49,55,94
49,56,830
49,57,642
49,58,129
49,59,1008
49,60,381
49,61,68
49,62,118
49,63,410
49,64,63
49,65,1290
49,66,893
49,67,244
49,68,106
49,69,634
49,70,358
49,71,157
49,72,319
49,73,55
49,74,1018
49,75,86
49,76,625
49,77,66
49,78,1759
49,79,167
49,80,61
49,81,59
49,82,144
49,83,1792
49,84,395
49,85,388
49,86,645
49,87,461
49,88,33
49,89,276
49,90,109
49,91,85
49,92,143
50,0,203
50,1,329
50,2,404
50,3,1694
50,4,86
50,5,101
50,6,205
50,7,1262
50,8,130
50,9,915
50,10,1058
50,11,950
50,12,365
50,13,1497
50,14,59
50,15,1691
50,16,1023
50,17,180
50,18,1288
50,19,48
50,20,727
50,21,1838
50,22,289
50,23,2193
50,24,1837
50,25,139
50,26,51
50,27,674
50,28,113
50,29,91
50,30,339
50,31,77
50,32,74
50,33,183
50,34,658
50,35,331
50,36,231
50,37,52
50,38,948
50,39,509
50,40,423
50,41,180
50,42,620
50,43,474
50,44,236
50,45,2283
50,46,333
50,47,497
50,48,731
50,49,124
50,51,616
50,52,303
50,53,1109
50,54,285
50,55,129
50,56,112
50,57,483
50,58,577
50,59,1356
50,60,756
50,61,50
50,62,326
50,63,178
50,64,122
50,65,167
50,66,1217
50,67,495
50,68,317
50,69,537
50,70,190
50,71,470
50,72,304
50,73,40
50,74,1989
50,75,220
50,76,623
50,77,149
50,78,2601
50,79,326
50,80,145
50,81,42
50,82,351
50,83,1920
50,84,1197
50,85,298
50,86,1318
50,87,1246
50,88,35
50,89,670
50,90,927
50,91,195
50,92,307
51,0,1045
51,1,282
51,2,1202
51,3,3955
51,4,660
51,5,168
51,6,334
51,7,2491
51,8,311
51,9,4117
51,10,10524
51,11,12198
51,12,848
51,13,3197
51,14,88
51,15,5186
51,16,2782
51,17,705
51,18,2108
51,19,85
51,20,11449
51,21,6535
51,22,864
51,23,9914
51,24,4409
51,25,181
51,26,171
51,27,6543
51,28,140
51,29,400
51,30,872
51,31,114
51,32,529
51,33,206
51,34,3624
51,35,625
51,36,477
51,37,68
51,38,3694
51,39,228
51,40,410
51,41,570
51,42,2797
51,43,829
51,44,459
51,45,10304
51,46,1553
51,47,1295
51,48,953
51,49,1159
51,50,616
51,52,667
51,53,1634
51,54,371
51,55,333
51,56,1279
51,57,1968
51,58,795
51,59,7760
51,60,1537
51,61,85
51,62,406
51,63,1058
51,64,149
51,65,2577
51,66,5084
51,67,1107
51,68,364
51,69,2449
51,70,2158
51,71,494
51,72,997
51,73,64
51,74,5249
51,75,239
51,76,2639
51,77,274
51,78,10471
51,79,546
51,80,147
51,81,111
51,82,569
51,83,10028
51,84,1984
51,85,2901
51,86,3129
51,87,2299
51,88,50
51,89,966
51,90,518
51,91,306
51,92,383
52,0,418
52,1,629
52,2,306
52,3,2336
52,4,138
52,5,98
52,6,269
52,7,756
52,8,1126
52,9,612
52,10,1349
52,11,1057
52,12,285
52,13,1454
52,14,79
52,15,1717
52,16,1015
52,17,684
52,18,674
52,19,58
52,20,953
52,21,1847
52,22,225
52,23,2065
52,24,1784
52,25,211
52,26,72
52,27,1012
52,28,232
52,29,139
52,30,253
52,31,77
52,32,98
52,33,387
52,34,1081
52,35,317
52,36,300
52,37,116
52,38,934
52,39,223
52,40,465
52,41,205
52,42,1040
52,43,698
52,44,202
52,45,2165
52,46,444
52,47,479
52,48,524
52,49,187
52,50,303
52,51,667
52,53,642
52,54,197
52,55,242
52,56,307
52,57,645
52,58,426
52,59,970
52,60,740
52,61,40
52,62,216
52,63,280
52,64,109
52,65,264
52,66,939
52,67,811
52,68,261
52,69,574
52,70,230
52,71,228
52,72,217
52,73,46
52,74,1372
52,75,219
52,76,780
52,77,162
52,78,2180
52,79,918
52,80,122
52,81,48
52,82,823
52,83,2267
52,84,1099
52,85,390
52,86,1170
52,87,1014
52,88,36
52,89,499
52,90,258
52,91,216
52,92,630
53,0,478
53,1,810
53,2,712
53,3,4049
53,4,215
53,5,258
53,6,575
53,7,3051
53,8,249
53,9,2239
53,10,2795
53,11,2483
53,12,581
53,13,4076
53,14,93
53,15,4098
53,16,2627
53,17,398
53,18,3716
53,19,63
53,20,1918
53,21,4792
53,22,950
53,23,5783
53,24,4785
53,25,337
53,26,83
53,27,1941
53,28,189
53,29,243
53,30,529
53,31,159
53,32,175
53,33,416
53,34,1489
53,35,585
53,36,525
53,37,79
53,38,2642
53,39,513
53,40,971
53,41,440
53,42,1437
53,43,1408
53,44,477
53,45,5978
53,46,901
53,47,1510
53,48,1922
53,49,256
53,50,1109
53,51,1634
53,52,642
53,54,684
53,55,288
53,56,252
53,57,1261
53,58,1376
53,59,3176
53,60,1867
53,61,54
53,62,829
53,63,388
53,64,246
53,65,380
53,66,3263
53,67,1314
53,68,877
53,69,1141
53,70,401
53,71,1305
53,72,640
53,73,67
53,74,4536
53,75,402
53,76,1543
53,77,326
53,78,6674
53,79,809
53,80,288
53,81,62
53,82,761
53,83,5198
53,84,3187
53,85,747
53,86,3536
53,87,3024
53,88,44
53,89,1618
53,90,1103
53,91,438
53,92,716
54,0,196
54,1,129
54,2,310
54,3,1079
54,4,73
54,5,216
54,6,139
54,7,1161
54,8,84
54,9,837
54,10,690
54,11,632
54,12,295
54,13,1331
54,14,56
54,15,955
54,16,823
54,17,135
54,18,971
54,19,51
54,20,432
54,21,1404
54,22,239
54,23,1859
54,24,1380
54,25,69
54,26,52
54,27,370
54,28,71
54,29,71
54,30,294
54,31,84
54,32,85
54,33,78
54,34,493
54,35,203
54,36,189
54,37,61
54,38,923
54,39,140
54,40,202
54,41,217
54,42,474
54,43,359
54,44,155
54,45,1874
54,46,178
54,47,417
54,48,255
54,49,152
54,50,285
54,51,371
54,52,197
54,53,684
54,55,158
54,56,144
54,57,248
54,58,419
54,59,851
54,60,754
54,61,46
54,62,187
54,63,121
54,64,121
54,65,174
54,66,1003
54,67,240
54,68,149
54,69,365
54,70,163
54,71,343
54,72,290
54,73,51
54,74,1516
54,75,126
54,76,554
54,77,154
54,78,1978
54,79,162
54,80,121
54,81,42
54,82,200
54,83,1463
54,84,866
54,85,171
54,86,1008
54,87,577
54,88,36
54,89,1047
54,90,283
54,91,148
54,92,130
55,0,344
55,1,130
55,2,157
55,3,882
55,4,140
55,5,54
55,6,126
55,7,511
55,8,86
55,9,399
55,10,481
55,11,547
55,12,182
55,13,739
55,14,101
55,15,860
55,16,392
55,17,245
55,18,368
55,19,35
55,20,387
55,21,752
55,22,117
55,23,1011
55,24,883
55,25,72
55,26,45
55,27,338
55,28,95
55,29,66
55,30,151
55,31,49
55,32,76
55,33,79
55,34,653
55,35,132
55,36,173
55,37,72
55,38,481
55,39,71
55,40,258
55,41,163
55,42,655
55,43,281
55,44,178
55,45,1030
55,46,169
55,47,249
55,48,239
55,49,94
55,50,129
55,51,333
55,52,242
55,53,288
55,54,158
55,56,114
55,57,254
55,58,315
55,59,524
55,60,329
55,61,38
55,62,138
55,63,109
55,64,133
55,65,129
55,66,482
55,67,241
55,68,130
55,69,299
55,70,133
55,71,129
55,72,114
55,73,50
55,74,776
55,75,81
55,76,362
55,77,238
55,78,1089
55,79,210
55,80,154
55,81,35
55,82,266
55,83,847
55,84,674
55,85,133
55,86,510
55,87,506
55,88,31
55,89,276
55,90,109
55,91,198
55,92,131
56,0,343
56,1,139
56,2,238
56,3,1064
56,4,108
56,5,57
56,6,96
56,7,437
56,8,166
56,9,572
56,10,1763
56,11,1657
56,12,187
56,13,794
56,14,50
56,15,1253
56,16,617
56,17,312
56,18,290
56,19,42
56,20,1602
56,21,1567
56,22,239
56,23,1930
56,24,1106
56,25,79
56,26,112
56,27,1361
56,28,72
56,29,191
56,30,255
56,31,51
56,32,272
56,33,110
56,34,847
56,35,159
56,36,258
56,37,46
56,38,1080
56,39,70
56,40,130
56,41,207
56,42,753
56,43,301
56,44,102
56,45,2005
56,46,494
56,47,416
56,48,306
56,49,830
56,50,112
56,51,1279
56,52,307
56,53,252
56,54,144
56,55,114
56,57,628
56,58,169
56,59,1091
56,60,405
56,61,53
56,62,137
56,63,306
56,64,68
56,65,1173
56,66,861
56,67,339
56,68,97
56,69,528
56,70,345
56,71,127
56,72,249
56,73,44
56,74,1077
56,75,88
56,76,601
56,77,75
56,78,1930
56,79,239
56,80,51
56,81,50
56,82,205
56,83,2021
56,84,436
56,85,409
56,86,641
56,87,514
56,88,33
56,89,305
56,90,105
56,91,90
56,92,165
57,0,967
57,1,650
57,2,1048
57,3,3567
57,4,99
57,5,164
57,6,303
57,7,1588
57,8,399
57,9,1696
57,10,4222
57,11,3147
57,12,668
57,13,3263
57,14,82
57,15,7773
57,16,3068
57,17,805
57,18,1159
57,19,112
57,20,3159
57,21,6491
57,22,791
57,23,6681
57,24,3951
57,25,350
57,26,185
57,27,5168
57,28,184
57,29,632
57,30,677
57,31,171
57,32,299
57,33,412
57,34,2850
57,35,581
57,36,608
57,37,56
57,38,3258
57,39,184
57,40,593
57,41,388
57,42,2789
57,43,986
57,44,407
57,45,7021
57,46,2296
57,47,1293
57,48,3972
57,49,642
57,50,483
57,51,1968
57,52,645
57,53,1261
57,54,248
57,55,254
57,56,628
57,58,499
57,59,3246
57,60,2122
57,61,136
57,62,751
57,63,1864
57,64,122
57,65,906
57,66,3579
57,67,1240
57,68,529
57,69,3045
57,70,648
57,71,437
57,72,922
57,73,69
57,74,3989
57,75,228
57,76,1937
57,77,135
57,78,7163
57,79,746
57,80,125
57,81,131
57,82,692
57,83,6450
57,84,2410
57,85,629
57,86,2721
57,87,3363
57,88,51
57,89,756
57,90,433
57,91,365
57,92,767
58,0,462
58,1,370
58,2,527
58,3,2675
58,4,144
58,5,147
58,6,255
58,7,1758
58,8,143
58,9,1237
58,10,1162
58,11,1315
58,12,528
58,13,2369
58,14,100
58,15,2294
58,16,1305
58,17,271
58,18,1859
58,19,50
58,20,867
58,21,2484
58,22,460
58,23,3059
58,24,2908
58,25,157
58,26,65
58,27,712
58,28,161
58,29,121
58,30,433
58,31,85
58,32,101
58,33,174
58,34,1265
58,35,478
58,36,339
58,37,94
58,38,1502
58,39,268
58,40,484
58,41,452
58,42,1279
58,43,849
58,44,463
58,45,3164
58,46,362
58,47,918
58,48,745
58,49,129
58,50,577
58,51,795
58,52,426
58,53,1376
58,54,419
58,55,315
58,56,169
58,57,499
58,59,1980
58,60,1001
58,61,42
58,62,459
58,63,183
58,64,203
58,65,197
58,66,1491
58,67,711
58,68,439
58,69,799
58,70,230
58,71,613
58,72,329
58,73,66
58,74,2636
58,75,316
58,76,1037
58,77,472
58,78,3513
58,79,459
58,80,225
58,81,43
58,82,611
58,83,2638
58,84,2047
58,85,282
58,86,1852
58,87,1585
58,88,40
58,89,1050
58,90,568
58,91,339
58,92,325
59,0,1280
59,1,620
59,2,2219
59,3,7291
59,4,665
59,5,302
59,6,573
59,7,6694
59,8,440
59,9,7891
59,10,10465
59,11,11040
59,12,1578
59,13,6698
59,14,142
59,15,8853
59,16,5312
59,17,923
59,18,4346
59,19,134
59,20,10133
59,21,11001
59,22,1641
59,23,15970
59,24,8214
59,25,286
59,26,171
59,27,7102
59,28,245
59,29,504
59,30,1339
59,31,199
59,32,501
59,33,322
59,34,4475
59,35,1269
59,36,613
59,37,103
59,38,6443
59,39,411
59,40,879
59,41,758
59,42,3883
59,43,2086
59,44,982
59,45,16354
59,46,2059
59,47,2587
59,48,2681
59,49,1008
59,50,1356
59,51,7760
59,52,970
59,53,3176
59,54,851
59,55,524
59,56,1091
59,57,3246
59,58,1980
59,60,3546
59,61,114
59,62,882
59,63,1484
59,64,260
59,65,1981
59,66,9495
59,67,2123
59,68,704
59,69,3951
59,70,2059
59,71,989
59,72,2157
59,73,90
59,74,11990
59,75,444
59,76,3844
59,77,606
59,78,17642
59,79,1180
59,80,291
59,81,123
59,82,1196
59,83,13167
59,84,4222
59,85,2768
59,86,7138
59,87,4928
59,88,68
59,89,2118
59,90,1122
59,91,495
59,92,649
60,0,792
60,1,546
60,2,1356
60,3,4690
60,4,127
60,5,310
60,6,367
60,7,3700
60,8,388
60,9,2206
60,10,3172
60,11,2671
60,12,1016
60,13,4104
60,14,102
60,15,5039
60,16,3321
60,17,663
60,18,2381
60,19,178
60,20,2303
60,21,6404
60,22,1128
60,23,7733
60,24,5028
60,25,229
60,26,101
60,27,2749
60,28,214
60,29,253
60,30,814
60,31,194
60,32,219
60,33,296
60,34,2377
60,35,772
60,36,452
60,37,99
60,38,3913
60,39,330
60,40,680
60,41,456
60,42,2320
60,43,1690
60,44,590
60,45,7880
60,46,1049
60,47,1646
60,48,1674
60,49,381
60,50,756
60,51,1537
60,52,740
60,53,1867
60,54,754
60,55,329
60,56,405
60,57,2122
60,58,1001
60,59,3546
60,61,79
60,62,619
60,63,938
60,64,193
60,65,593
60,66,3784
60,67,1640
60,68,503
60,69,2406
60,70,559
60,71,709
60,72,1058
60,73,78
60,74,6181
60,75,306
60,76,2164
60,77,279
60,78,8313
60,79,1004
60,80,196
60,81,128
60,82,929
60,83,6066
60,84,3158
60,85,612
60,86,4100
60,87,3172
60,88,68
60,89,1733
60,90,730
60,91,385
60,92,538
61,0,71
61,1,48
61,2,73
61,3,96
61,4,36
61,5,53
61,6,36
61,7,73
61,8,45
61,9,60
61,10,132
61,11,96
61,12,43
61,13,92
61,14,34
61,15,121
61,16,126
61,17,49
61,18,67
61,19,45
61,20,121
61,21,172
61,22,107
61,23,174
61,24,103
61,25,43
61,26,34
61,27,158
61,28,33
61,29,37
61,30,54
61,31,48
61,32,45
61,33,41
61,34,94
61,35,51
61,36,56
61,37,34
61,38,173
61,39,37
61,40,37
61,41,37
61,42,107
61,43,59
61,44,34
61,45,176
61,46,52
61,47,77
61,48,64
61,49,68
61,50,50
61,51,85
61,52,40
61,53,54
61,54,46
61,55,38
61,56,53
61,57,136
61,58,42
61,59,114
61,60,79
61,62,39
61,63,105
61,64,40
61,65,73
61,66,118
61,67,65
61,68,46
61,69,104
61,70,49
61,71,58
61,72,61
61,73,37
61,74,123
61,75,44
61,76,78
61,77,35
61,78,177
61,79,56
61,80,36
61,81,51
61,82,47
61,83,161
61,84,84
61,85,46
61,86,92
61,87,81
61,88,39
61,89,53
61,90,47
61,91,53
61,92,46
62,0,216
62,1,275
62,2,268
62,3,1295
62,4,71
62,5,84
62,6,179
62,7,742
62,8,89
62,9,720
62,10,915
62,11,725
62,12,238
62,13,1304
62,14,54
62,15,2273
62,16,794
62,17,176
62,18,699
62,19,38
62,20,492
62,21,1560
62,22,165
62,23,1835
62,24,1777
62,25,124
62,26,64
62,27,862
62,28,64
62,29,176
62,30,245
62,31,74
62,32,92
62,33,137
62,34,612
62,35,196
62,36,271
62,37,56
62,38,685
62,39,129
62,40,460
62,41,198
62,42,575
62,43,287
62,44,446
62,45,1933
62,46,582
62,47,421
62,48,1469
62,49,118
62,50,326
62,51,406
62,52,216
62,53,829
62,54,187
62,55,138
62,56,137
62,57,751
62,58,459
62,59,882
62,60,619
62,61,39
62,63,200
62,64,94
62,65,150
62,66,1061
62,67,389
62,68,296
62,69,592
62,70,123
62,71,248
62,72,222
62,73,40
62,74,1282
62,75,124
62,76,507
62,77,124
62,78,2105
62,79,200
62,80,149
62,81,45
62,82,192
62,83,1821
62,84,1109
62,85,178
62,86,987
62,87,1777
62,88,38
62,89,486
62,90,303
62,91,163
62,92,256
63,0,538
63,1,188
63,2,518
63,3,1391
63,4,61
63,5,107
63,6,125
63,7,724
63,8,190
63,9,680
63,10,2022
63,11,1575
63,12,307
63,13,1296
63,14,48
63,15,2870
63,16,1572
63,17,390
63,18,450
63,19,81
63,20,1693
63,21,3116
63,22,714
63,23,3057
63,24,1397
63,25,135
63,26,105
63,27,2418
63,28,86
63,29,199
63,30,324
63,31,90
63,32,183
63,33,136
63,34,1448
63,35,308
63,36,251
63,37,41
63,38,2232
63,39,79
63,40,161
63,41,157
63,42,1406
63,43,451
63,44,221
63,45,3170
63,46,861
63,47,777
63,48,1105
63,49,410
63,50,178
63,51,1058
63,52,280
63,53,388
63,54,121
63,55,109
63,56,306
63,57,1864
63,58,183
63,59,1484
63,60,938
63,61,105
63,62,200
63,64,61
63,65,567
63,66,1591
63,67,633
63,68,165
63,69,1656
63,70,404
63,71,230
63,72,549
63,73,49
63,74,1860
63,75,100
63,76,1046
63,77,64
63,78,3076
63,79,315
63,80,63
63,81,102
63,82,275
63,83,2877
63,84,837
63,85,349
63,86,1151
63,87,1314
63,88,50
63,89,318
63,90,168
63,91,148
63,92,257
64,0,135
64,1,100
64,2,126
64,3,419
64,4,72
64,5,63
64,6,87
64,7,332
64,8,51
64,9,205
64,10,235
64,11,253
64,12,126
64,13,492
64,14,65
64,15,384
64,16,233
64,17,96
64,18,326
64,19,37
64,20,169
64,21,404
64,22,79
64,23,508
64,24,446
64,25,59
64,26,45
64,27,157
64,28,46
64,29,54
64,30,116
64,31,45
64,32,52
64,33,60
64,34,266
64,35,92
64,36,112
64,37,50
64,38,251
64,39,73
64,40,145
64,41,100
64,42,274
64,43,156
64,44,103
64,45,513
64,46,82
64,47,168
64,48,161
64,49,63
64,50,122
64,51,149
64,52,109
64,53,246
64,54,121
64,55,133
64,56,68
64,57,122
64,58,203
64,59,260
64,60,193
64,61,40
64,62,94
64,63,61
64,65,74
64,66,241
64,67,134
64,68,121
64,69,162
64,70,63
64,71,135
64,72,79
64,73,38
64,74,393
64,75,69
64,76,185
64,77,118
64,78,560
64,79,97
64,80,90
64,81,36
64,82,122
64,83,462
64,84,348
64,85,72
64,86,293
64,87,272
64,88,31
64,89,263
64,90,135
64,91,121
64,92,93
65,0,525
65,1,121
65,2,406
65,3,1272
65,4,154
65,5,91
65,6,112
65,7,666
65,8,136
65,9,1016
65,10,3193
65,11,3194
65,12,298
65,13,1027
65,14,47
65,15,1909
65,16,1009
65,17,373
65,18,456
65,19,46
65,20,3143
65,21,2476
65,22,409
65,23,3274
65,24,1402
65,25,97
65,26,131
65,27,2231
65,28,63
65,29,230
65,30,402
65,31,57
65,32,305
65,33,105
65,34,1393
65,35,239
65,36,294
65,37,42
65,38,1780
65,39,68
65,40,137
65,41,251
65,42,1180
65,43,318
65,44,144
65,45,3382
65,46,745
65,47,575
65,48,384
65,49,1290
65,50,167
65,51,2577
65,52,264
65,53,380
65,54,174
65,55,129
65,56,1173
65,57,906
65,58,197
65,59,1981
65,60,593
65,61,73
65,62,150
65,63,567
65,64,74
65,66,1607
65,67,345
65,68,136
65,69,952
65,70,715
65,71,184
65,72,462
65,73,52
65,74,1709
65,75,103
65,76,1005
65,77,89
65,78,3234
65,79,217
65,80,53
65,81,72
65,82,205
65,83,3285
65,84,578
65,85,744
65,86,1002
65,87,672
65,88,34
65,89,362
65,90,145
65,91,98
65,92,175
66,0,1158
66,1,624
66,2,1738
66,3,6362
66,4,363
66,5,370
66,6,596
66,7,5084
66,8,378
66,9,8495
66,10,8946
66,11,8197
66,12,1311
66,13,6526
66,14,123
66,15,9062
66,16,5717
66,17,905
66,18,4055
66,19,137
66,20,7274
66,21,11096
66,22,2091
66,23,15490
66,24,7761
66,25,310
66,26,168
66,27,6674
66,28,203
66,29,542
66,30,1184
66,31,209
66,32,442
66,33,336
66,34,3814
66,35,1186
66,36,704
66,37,88
66,38,6835
66,39,405
66,40,928
66,41,662
66,42,3425
66,43,1976
66,44,871
66,45,15845
66,46,2292
66,47,2706
66,48,3502
66,49,893
66,50,1217
66,51,5084
66,52,939
66,53,3263
66,54,1003
66,55,482
66,56,861
66,57,3579
66,58,1491
66,59,9495
66,60,3784
66,61,118
66,62,1061
66,63,1591
66,64,241
66,65,1607
66,67,1922
66,68,799
66,69,3693
66,70,1366
66,71,1186
66,72,2645
66,73,85
66,74,10877
66,75,439
66,76,3366
66,77,398
66,78,16667
66,79,924
66,80,272
66,81,117
66,82,933
66,83,12508
66,84,4257
66,85,2086
66,86,7081
66,87,5495
66,88,54
66,89,2090
66,90,1128
66,91,490
66,92,671
67,0,623
67,1,624
67,2,642
67,3,5550
67,4,105
67,5,300
67,6,280
67,7,1513
67,8,523
67,9,1100
67,10,2068
67,11,1899
67,12,496
67,13,3192
67,14,71
67,15,3553
67,16,2336
67,17,684
67,18,1704
67,19,80
67,20,1732
67,21,3926
67,22,1101
67,23,4340
67,24,3402
67,25,255
67,26,80
67,27,2058
67,28,271
67,29,156
67,30,398
67,31,123
67,32,159
67,33,352
67,34,1966
67,35,514
67,36,305
67,37,80
67,38,2027
67,39,292
67,40,535
67,41,312
67,42,1843
67,43,2726
67,44,440
67,45,4528
67,46,697
67,47,995
67,48,1107
67,49,244
67,50,495
67,51,1107
67,52,811
67,53,1314
67,54,240
67,55,241
67,56,339
67,57,1240
67,58,711
67,59,2123
67,60,1640
67,61,65
67,62,389
67,63,633
67,64,134
67,65,345
67,66,1922
67,68,417
67,69,1694
67,70,337
67,71,590
67,72,459
67,73,48
67,74,2715
67,75,308
67,76,1697
67,77,215
67,78,4651
67,79,1581
67,80,119
67,81,91
67,82,1097
67,83,4074
67,84,2236
67,85,373
67,86,2190
67,87,3040
67,88,50
67,89,637
67,90,503
67,91,282
67,92,623
68,0,204
68,1,543
68,2,215
68,3,1162
68,4,79
68,5,83
68,6,208
68,7,662
68,8,131
68,9,494
68,10,707
68,11,569
68,12,182
68,13,1116
68,14,54
68,15,1478
68,16,724
68,17,172
68,18,899
68,19,53
68,20,445
68,21,1247
68,22,176
68,23,1287
68,24,1252
68,25,225
68,26,55
68,27,596
68,28,95
68,29,108
68,30,177
68,31,62
68,32,78
68,33,282
68,34,565
68,35,215
68,36,179
68,37,55
68,38,574
68,39,178
68,40,561
68,41,145
68,42,519
68,43,386
68,44,196
68,45,1362
68,46,336
68,47,409
68,48,739
68,49,106
68,50,317
68,51,364
68,52,261
68,53,877
68,54,149
68,55,130
68,56,97
68,57,529
68,58,439
68,59,704
68,60,503
68,61,46
68,62,296
68,63,165
68,64,121
68,65,136
68,66,799
68,67,417
68,69,427
68,70,114
68,71,328
68,72,193
68,73,38
68,74,1057
68,75,150
68,76,433
68,77,131
68,78,1541
68,79,297
68,80,112
68,81,42
68,82,294
68,83,1298
68,84,908
68,85,197
68,86,1064
68,87,1162
68,88,37
68,89,350
68,90,263
68,91,170
68,92,462
69,0,1045
69,1,362
69,2,2247
69,3,3972
69,4,149
69,5,259
69,6,310
69,7,2595
69,8,343
69,9,2151
69,10,4112
69,11,4010
69,12,1512
69,13,3271
69,14,96
69,15,7414
69,16,3501
69,17,767
69,18,1537
69,19,119
69,20,3745
69,21,6639
69,22,1366
69,23,7039
69,24,3774
69,25,214
69,26,140
69,27,3971
69,28,195
69,29,309
69,30,1382
69,31,161
69,32,325
69,33,211
69,34,3229
69,35,974
69,36,451
69,37,66
69,38,4153
69,39,186
69,40,434
69,41,438
69,42,3018
69,43,1332
69,44,1415
69,45,7272
69,46,1372
69,47,1556
69,48,2043
69,49,634
69,50,537
69,51,2449
69,52,574
69,53,1141
69,54,365
69,55,299
69,56,528
69,57,3045
69,58,799
69,59,3951
69,60,2406
69,61,104
69,62,592
69,63,1656
69,64,162
69,65,952
69,66,3693
69,67,1694
69,68,427
69,70,1254
69,71,528
69,72,1579
69,73,78
69,74,5063
69,75,289
69,76,3069
69,77,218
69,78,7454
69,79,719
69,80,135
69,81,122
69,82,847
69,83,6098
69,84,2248
69,85,809
69,86,3286
69,87,4181
69,88,57
69,89,988
69,90,472
69,91,301
69,92,459
70,0,394
70,1,111
70,2,772
70,3,1113
70,4,225
70,5,79
70,6,105
70,7,777
70,8,116
70,9,1047
70,10,2600
70,11,3115
70,12,562
70,13,941
70,14,58
70,15,1770
70,16,856
70,17,258
70,18,548
70,19,51
70,20,2920
70,21,2103
70,22,329
70,23,2716
70,24,1219
70,25,71
70,26,78
70,27,1715
70,28,68
70,29,126
70,30,542
70,31,59
70,32,205
70,33,75
70,34,1178
70,35,274
70,36,143
70,37,39
70,38,1297
70,39,81
70,40,129
70,41,213
70,42,917
70,43,299
70,44,255
70,45,2795
70,46,460
70,47,452
70,48,301
70,49,358
70,50,190
70,51,2158
70,52,230
70,53,401
70,54,163
70,55,133
70,56,345
70,57,648
70,58,230
70,59,2059
70,60,559
70,61,49
70,62,123
70,63,404
70,64,63
70,65,715
70,66,1366
70,67,337
70,68,114
70,69,1254
70,71,156
70,72,606
70,73,45
70,74,1529
70,75,97
70,76,1164
70,77,103
70,78,2767
70,79,168
70,80,69
70,81,54
70,82,251
70,83,2614
70,84,496
70,85,935
70,86,986
70,87,775
70,88,32
70,89,332
70,90,161
70,91,104
70,92,135
71,0,247
71,1,254
71,2,355
71,3,1672
71,4,76
71,5,150
71,6,190
71,7,1216
71,8,84
71,9,751
71,10,905
71,11,806
71,12,276
71,13,1689
71,14,53
71,15,1415
71,16,1121
71,17,162
71,18,1832
71,19,55
71,20,535
71,21,2260
71,22,708
71,23,2362
71,24,2025
71,25,152
71,26,48
71,27,661
71,28,86
71,29,107
71,30,292
71,31,92
71,32,119
71,33,160
71,34,681
71,35,327
71,36,325
71,37,46
71,38,1629
71,39,259
71,40,305
71,41,247
71,42,678
71,43,742
71,44,189
71,45,2443
71,46,297
71,47,955
71,48,564
71,49,157
71,50,470
71,51,494
71,52,228
71,53,1305
71,54,343
71,55,129
71,56,127
71,57,437
71,58,613
71,59,989
71,60,709
71,61,58
71,62,248
71,63,230
71,64,135
71,65,184
71,66,1186
71,67,590
71,68,328
71,69,528
71,70,156
71,72,356
71,73,55
71,74,1849
71,75,233
71,76,801
71,77,162
71,78,2608
71,79,316
71,80,119
71,81,52
71,82,293
71,83,2150
71,84,1389
71,85,243
71,86,1337
71,87,974
71,88,32
71,89,769
71,90,559
71,91,197
71,92,253
72,0,357
72,1,151
72,2,909
72,3,1511
72,4,87
72,5,109
72,6,165
72,7,1383
72,8,107
72,9,1828
72,10,1902
72,11,1711
72,12,542
72,13,1483
72,14,51
72,15,2211
72,16,1578
72,17,260
72,18,936
72,19,73
72,20,1443
72,21,3040
72,22,663
72,23,3698
72,24,1866
72,25,79
72,26,71
72,27,1537
72,28,94
72,29,151
72,30,564
72,31,87
72,32,174
72,33,101
72,34,1114
72,35,405
72,36,212
72,37,35
72,38,2226
72,39,107
72,40,165
72,41,218
72,42,1043
72,43,509
72,44,254
72,45,3752
72,46,520
72,47,892
72,48,653
72,49,319
72,50,304
72,51,997
72,52,217
72,53,640
72,54,290
72,55,114
72,56,249
72,57,922
72,58,329
72,59,2157
72,60,1058
72,61,61
72,62,222
72,63,549
72,64,79
72,65,462
72,66,2645
72,67,459
72,68,193
72,69,1579
72,70,606
72,71,356
72,73,44
72,74,2844
72,75,125
72,76,1172
72,77,108
72,78,3841
72,79,207
72,80,83
72,81,67
72,82,273
72,83,2893
72,84,951
72,85,440
72,86,1788
72,87,1164
72,88,33
72,89,527
72,90,298
72,91,145
72,92,177
73,0,57
73,1,39
73,2,54
73,3,115
73,4,40
73,5,32
73,6,34
73,7,88
73,8,34
73,9,72
73,10,92
73,11,89
73,12,53
73,13,87
73,14,39
73,15,109
73,16,82
73,17,49
73,18,74
73,19,36
73,20,83
73,21,130
73,22,63
73,23,139
73,24,116
73,25,35
73,26,38
73,27,83
73,28,37
73,29,32
73,30,61
73,31,31
73,32,38
73,33,38
73,34,93
73,35,56
73,36,53
73,37,39
73,38,121
73,39,36
73,40,42
73,41,47
73,42,92
73,43,54
73,44,45
73,45,144
73,46,39
73,47,67
73,48,46
73,49,55
73,50,40
73,51,64
73,52,46
73,53,67
73,54,51
73,55,50
73,56,44
73,57,69
73,58,66
73,59,90
73,60,78
73,61,37
73,62,40
73,63,49
73,64,38
73,65,52
73,66,85
73,67,48
73,68,38
73,69,78
73,70,45
73,71,55
73,72,44
73,74,107
73,75,50
73,76,66
73,77,42
73,78,146
73,79,47
73,80,39
73,81,33
73,82,47
73,83,128
73,84,76
73,85,50
73,86,81
73,87,66
73,88,32
73,89,63
73,90,39
73,91,38
73,92,42
74,0,1731
74,1,827
74,2,2848
74,3,10088
74,4,433
74,5,485
74,6,835
74,7,9591
74,8,562
74,9,8017
74,10,9367
74,11,8816
74,12,2245
74,13,9394
74,14,194
74,15,11545
74,16,8123
74,17,1298
74,18,6219
74,19,203
74,20,7445
74,21,15164
74,22,2931
74,23,20078
74,24,12252
74,25,397
74,26,195
74,27,7245
74,28,341
74,29,599
74,30,1943
74,31,308
74,32,524
74,33,428
74,34,5659
74,35,1746
74,36,1149
74,37,127
74,38,9865
74,39,659
74,40,1230
74,41,1151
74,42,5241
74,43,2779
74,44,1299
74,45,20426
74,46,2393
74,47,4033
74,48,3372
74,49,1018
74,50,1989
74,51,5249
74,52,1372
74,53,4536
74,54,1516
74,55,776
74,56,1077
74,57,3989
74,58,2636
74,59,11990
74,60,6181
74,61,123
74,62,1282
74,63,1860
74,64,393
74,65,1709
74,66,10877
74,67,2715
74,68,1057
74,69,5063
74,70,1529
74,71,1849
74,72,2844
74,73,107
74,75,652
74,76,5025
74,77,754
74,78,22375
74,79,1469
74,80,460
74,81,154
74,82,1494
74,83,15606
74,84,6914
74,85,2170
74,86,10726
74,87,6915
74,88,63
74,89,3454
74,90,1710
74,91,879
74,92,889
75,0,144
75,1,217
75,2,190
75,3,797
75,4,52
75,5,58
75,6,125
75,7,442
75,8,127
75,9,312
75,10,408
75,11,338
75,12,167
75,13,596
75,14,47
75,15,664
75,16,436
75,17,118
75,18,455
75,19,42
75,20,277
75,21,744
75,22,135
75,23,778
75,24,732
75,25,106
75,26,49
75,27,277
75,28,93
75,29,70
75,30,154
75,31,55
75,32,54
75,33,148
75,34,344
75,35,601
75,36,110
75,37,59
75,38,394
75,39,183
75,40,190
75,41,109
75,42,322
75,43,273
75,44,118
75,45,805
75,46,132
75,47,212
75,48,222
75,49,86
75,50,220
75,51,239
75,52,219
75,53,402
75,54,126
75,55,81
75,56,88
75,57,228
75,58,316
75,59,444
75,60,306
75,61,44
75,62,124
75,63,100
75,64,69
75,65,103
75,66,439
75,67,308
75,68,150
75,69,289
75,70,97
75,71,233
75,72,125
75,73,50
75,74,652
75,76,282
75,77,94
75,78,895
75,79,254
75,80,89
75,81,42
75,82,303
75,83,784
75,84,489
75,85,175
75,86,500
75,87,441
75,88,33
75,89,229
75,90,194
75,91,108
75,92,209
76,0,995
76,1,467
76,2,1464
76,3,4909
76,4,198
76,5,238
76,6,351
76,7,2702
76,8,343
76,9,2201
76,10,4187
76,11,4012
76,12,1163
76,13,4166
76,14,92
76,15,5316
76,16,3226
76,17,773
76,18,2186
76,19,106
76,20,3505
76,21,6428
76,22,1163
76,23,7331
76,24,4826
76,25,216
76,26,134
76,27,3312
76,28,200
76,29,276
76,30,1102
76,31,150
76,32,385
76,33,251
76,34,3056
76,35,749
76,36,576
76,37,79
76,38,3936
76,39,253
76,40,483
76,41,550
76,42,2878
76,43,2036
76,44,730
76,45,7532
76,46,1817
76,47,1818
76,48,1399
76,49,625
76,50,623
76,51,2639
76,52,780
76,53,1543
76,54,554
76,55,362
76,56,601
76,57,1937
76,58,1037
76,59,3844
76,60,2164
76,61,78
76,62,507
76,63,1046
76,64,185
76,65,1005
76,66,3366
76,67,1697
76,68,433
76,69,3069
76,70,1164
76,71,801
76,72,1172
76,73,66
76,74,5025
76,75,282
76,77,348
76,78,7672
76,79,1016
76,80,187
76,81,86
76,82,893
76,83,6614
76,84,2894
76,85,876
76,86,3136
76,87,2835
76,88,34
76,89,1453
76,90,618
76,91,422
76,92,470
77,0,252
77,1,110
77,2,157
77,3,844
77,4,99
77,5,72
77,6,99
77,7,575
77,8,64
77,9,438
77,10,305
77,11,418
77,12,177
77,13,800
77,14,88
77,15,670
77,16,329
77,17,109
77,18,520
77,19,34
77,20,292
77,21,594
77,22,100
77,23,908
77,24,859
77,25,60
77,26,44
77,27,215
77,28,90
77,29,59
77,30,147
77,31,46
77,32,55
77,33,65
77,34,548
77,35,113
77,36,120
77,37,66
77,38,388
77,39,89
77,40,224
77,41,198
77,42,545
77,43,286
77,44,200
77,45,914
77,46,104
77,47,291
77,48,210
77,49,66
77,50,149
77,51,274
77,52,162
77,53,326
77,54,154
77,55,238
77,56,75
77,57,135
77,58,472
77,59,606
77,60,279
77,61,35
77,62,124
77,63,64
77,64,118
77,65,89
77,66,398
77,67,215
77,68,131
77,69,218
77,70,103
77,71,162
77,72,108
77,73,42
77,74,754
77,75,94
77,76,348
77,78,1038
77,79,166
77,80,124
77,81,32
77,82,236
77,83,713
77,84,701
77,85,99
77,86,456
77,87,468
77,88,34
77,89,353
77,90,140
77,91,174
77,92,107
78,0,2584
78,1,1420
78,2,3936
78,3,15679
78,4,681
78,5,750
78,6,1117
78,7,12504
78,8,889
78,9,11291
78,10,17017
78,11,16142
78,12,3069
78,13,14518
78,14,257
78,15,18941
78,16,12293
78,17,2022
78,18,8797
78,19,253
78,20,14349
78,21,23469
78,22,4172
78,23,32816
78,24,18025
78,25,658
78,26,321
78,27,13118
78,28,493
78,29,1016
78,30,2650
78,31,453
78,32,880
78,33,796
78,34,8591
78,35,2309
78,36,1697
78,37,188
78,38,14552
78,39,954
78,40,1947
78,41,1573
78,42,7869
78,43,5054
78,44,1823
78,45,33634
78,46,4385
78,47,5702
78,48,6749
78,49,1759
78,50,2601
78,51,10471
78,52,2180
78,53,6674
78,54,1978
78,55,1089
78,56,1930
78,57,7163
78,58,3513
78,59,17642
78,60,8313
78,61,177
78,62,2105
78,63,3076
78,64,560
78,65,3234
78,66,16667
78,67,4651
78,68,1541
78,69,7454
78,70,2767
78,71,2608
78,72,3841
78,73,146
78,74,22375
78,75,895
78,76,7672
78,77,1038
78,79,2548
78,80,652
78,81,221
78,82,2370
78,83,26723
78,84,10450
78,85,3660
78,86,13274
78,87,10879
78,88,78
78,89,4993
78,90,2485
78,91,1334
78,92,1516
79,0,397
79,1,704
79,2,327
79,3,3405
79,4,89
79,5,126
79,6,224
79,7,929
79,8,577
79,9,524
79,10,1149
79,11,874
79,12,253
79,13,1887
79,14,64
79,15,1821
79,16,1485
79,17,591
79,18,1009
79,19,81
79,20,888
79,21,2121
79,22,258
79,23,2318
79,24,2185
79,25,223
79,26,68
79,27,1144
79,28,353
79,29,125
79,30,211
79,31,101
79,32,97
79,33,409
79,34,1211
79,35,366
79,36,203
79,37,115
79,38,840
79,39,257
79,40,469
79,41,203
79,42,1118
79,43,1451
79,44,200
79,45,2470
79,46,411
79,47,485
79,48,489
79,49,167
79,50,326
79,51,546
79,52,918
79,53,809
79,54,162
79,55,210
79,56,239
79,57,746
79,58,459
79,59,1180
79,60,1004
79,61,56
79,62,200
79,63,315
79,64,97
79,65,217
79,66,924
79,67,1581
79,68,297
79,69,719
79,70,168
79,71,316
79,72,207
79,73,47
79,74,1469
79,75,254
79,76,1016
79,77,166
79,78,2548
79,80,113
79,81,75
79,82,1253
79,83,2380
79,84,1659
79,85,301
79,86,1307
79,87,1283
79,88,45
79,89,413
79,90,310
79,91,320
79,92,641
80,0,114
80,1,110
80,2,111
80,3,448
80,4,95
80,5,51
80,6,103
80,7,466
80,8,54
80,9,219
80,10,232
80,11,229
80,12,123
80,13,507
80,14,70
80,15,484
80,16,199
80,17,82
80,18,326
80,19,35
80,20,151
80,21,395
80,22,72
80,23,559
80,24,511
80,25,62
80,26,42
80,27,138
80,28,48
80,29,53
80,30,115
80,31,39
80,32,52
80,33,73
80,34,242
80,35,98
80,36,95
80,37,51
80,38,213
80,39,91
80,40,175
80,41,105
80,42,238
80,43,148
80,44,125
80,45,572
80,46,109
80,47,131
80,48,211
80,49,61
80,50,145
80,51,147
80,52,122
80,53,288
80,54,121
80,55,154
80,56,51
80,57,125
80,58,225
80,59,291
80,60,196
80,61,36
80,62,149
80,63,63
80,64,90
80,65,53
80,66,272
80,67,119
80,68,112
80,69,135
80,70,69
80,71,119
80,72,83
80,73,39
80,74,460
80,75,89
80,76,187
80,77,124
80,78,652
80,79,113
80,81,35
80,82,130
80,83,486
80,84,396
80,85,70
80,86,321
80,87,376
80,88,47
80,89,239
80,90,122
80,91,262
80,92,97
81,0,64
81,1,38
81,2,76
81,3,157
81,4,38
81,5,50
81,6,35
81,7,82
81,8,47
81,9,60
81,10,157
81,11,135
81,12,49
81,13,118
81,14,33
81,15,146
81,16,150
81,17,55
81,18,67
81,19,49
81,20,159
81,21,221
81,22,74
81,23,221
81,24,147
81,25,39
81,26,35
81,27,177
81,28,37
81,29,41
81,30,57
81,31,57
81,32,43
81,33,43
81,34,115
81,35,48
81,36,66
81,37,34
81,38,177
81,39,36
81,40,35
81,41,40
81,42,120
81,43,85
81,44,44
81,45,230
81,46,61
81,47,91
81,48,60
81,49,59
81,50,42
81,51,111
81,52,48
81,53,62
81,54,42
81,55,35
81,56,50
81,57,131
81,58,43
81,59,123
81,60,128
81,61,51
81,62,45
81,63,102
81,64,36
81,65,72
81,66,117
81,67,91
81,68,42
81,69,122
81,70,54
81,71,52
81,72,67
81,73,33
81,74,154
81,75,42
81,76,86
81,77,32
81,78,221
81,79,75
81,80,35
81,82,53
81,83,200
81,84,115
81,85,55
81,86,103
81,87,107
81,88,38
81,89,60
81,90,40
81,91,58
81,92,44
82,0,459
82,1,540
82,2,455
82,3,2944
82,4,112
82,5,107
82,6,264
82,7,918
82,8,442
82,9,626
82,10,1143
82,11,1016
82,12,422
82,13,1570
82,14,72
82,15,1973
82,16,1210
82,17,648
82,18,865
82,19,67
82,20,926
82,21,2071
82,22,270
82,23,2175
82,24,2061
82,25,176
82,26,57
82,27,1018
82,28,540
82,29,118
82,30,343
82,31,83
82,32,82
82,33,256
82,34,1485
82,35,478
82,36,230
82,37,103
82,38,991
82,39,206
82,40,427
82,41,241
82,42,1333
82,43,738
82,44,302
82,45,2303
82,46,364
82,47,536
82,48,478
82,49,144
82,50,351
82,51,569
82,52,823
82,53,761
82,54,200
82,55,266
82,56,205
82,57,692
82,58,611
82,59,1196
82,60,929
82,61,47
82,62,192
82,63,275
82,64,122
82,65,205
82,66,933
82,67,1097
82,68,294
82,69,847
82,70,251
82,71,293
82,72,273
82,73,47
82,74,1494
82,75,303
82,76,893
82,77,236
82,78,2370
82,79,1253
82,80,130
82,81,53
82,83,2120
82,84,1371
82,85,330
82,86,1354
82,87,1212
82,88,34
82,89,476
82,90,286
82,91,264
82,92,485
83,0,2297
83,1,1589
83,2,2894
83,3,13010
83,4,606
83,5,587
83,6,952
83,7,8179
83,8,1027
83,9,8221
83,10,16316
83,11,14710
83,12,2265
83,13,11849
83,14,205
83,15,16056
83,16,9619
83,17,1960
83,18,6720
83,19,213
83,20,13360
83,21,19801
83,22,3552
83,23,25561
83,24,15176
83,25,689
83,26,315
83,27,12194
83,28,436
83,29,990
83,30,2047
83,31,366
83,32,914
83,33,984
83,34,7498
83,35,1749
83,36,1578
83,37,160
83,38,12308
83,39,914
83,40,1745
83,41,1272
83,42,6814
83,43,4043
83,44,1398
83,45,26361
83,46,4228
83,47,4940
83,48,6003
83,49,1792
83,50,1920
83,51,10028
83,52,2267
83,53,5198
83,54,1463
83,55,847
83,56,2021
83,57,6450
83,58,2638
83,59,13167
83,60,6066
83,61,161
83,62,1821
83,63,2877
83,64,462
83,65,3285
83,66,12508
83,67,4074
83,68,1298
83,69,6098
83,70,2614
83,71,2150
83,72,2893
83,73,128
83,74,15606
83,75,784
83,76,6614
83,77,713
83,78,26723
83,79,2380
83,80,486
83,81,200
83,82,2120
83,84,8396
83,85,3362
83,86,9215
83,87,8894
83,88,71
83,89,3792
83,90,2106
83,91,1060
83,92,1692
84,0,1143
84,1,1019
84,2,1364
84,3,7605
84,4,226
84,5,392
84,6,537
84,7,4368
84,8,468
84,9,2703
84,10,3720
84,11,3263
84,12,1053
84,13,6615
84,14,165
84,15,6907
84,16,4258
84,17,887
84,18,4056
84,19,117
84,20,2592
84,21,7801
84,22,1294
84,23,9281
84,24,8942
84,25,412
84,26,101
84,27,3119
84,28,348
84,29,374
84,30,931
84,31,234
84,32,241
84,33,585
84,34,3415
84,35,831
84,36,1068
84,37,131
84,38,4382
84,39,587
84,40,1235
84,41,771
84,42,3543
84,43,2704
84,44,746
84,45,9612
84,46,1444
84,47,2510
84,48,2782
84,49,395
84,50,1197
84,51,1984
84,52,1099
84,53,3187
84,54,866
84,55,674
84,56,436
84,57,2410
84,58,2047
84,59,4222
84,60,3158
84,61,84
84,62,1109
84,63,837
84,64,348
84,65,578
84,66,4257
84,67,2236
84,68,908
84,69,2248
84,70,496
84,71,1389
84,72,951
84,73,76
84,74,6914
84,75,489
84,76,2894
84,77,701
84,78,10450
84,79,1659
84,80,396
84,81,115
84,82,1371
84,83,8396
84,85,702
84,86,4571
84,87,4635
84,88,65
84,89,2484
84,90,1265
84,91,690
84,92,1028
85,0,329
85,1,211
85,2,496
85,3,1389
85,4,286
85,5,78
85,6,181
85,7,1103
85,8,205
85,9,1730
85,10,3552
85,11,3572
85,12,360
85,13,1079
85,14,51
85,15,1646
85,16,991
85,17,278
85,18,1012
85,19,54
85,20,3484
85,21,2080
85,22,279
85,23,3463
85,24,1670
85,25,133
85,26,76
85,27,2122
85,28,116
85,29,168
85,30,393
85,31,74
85,32,164
85,33,161
85,34,1067
85,35,448
85,36,190
85,37,45
85,38,1190
85,39,135
85,40,202
85,41,188
85,42,823
85,43,355
85,44,170
85,45,3582
85,46,502
85,47,473
85,48,362
85,49,388
85,50,298
85,51,2901
85,52,390
85,53,747
85,54,171
85,55,133
85,56,409
85,57,629
85,58,282
85,59,2768
85,60,612
85,61,46
85,62,178
85,63,349
85,64,72
85,65,744
85,66,2086
85,67,373
85,68,197
85,69,809
85,70,935
85,71,243
85,72,440
85,73,50
85,74,2170
85,75,175
85,76,876
85,77,99
85,78,3660
85,79,301
85,80,70
85,81,55
85,82,330
85,83,3362
85,84,702
85,86,1357
85,87,749
85,88,29
85,89,387
85,90,262
85,91,120
85,92,256
86,0,1152
86,1,925
86,2,1773
86,3,6985
86,4,269
86,5,350
86,6,775
86,7,5856
86,8,495
86,9,4750
86,10,5631
86,11,5132
86,12,1479
86,13,6320
86,14,135
86,15,7877
86,16,5390
86,17,990
86,18,4832
86,19,132
86,20,4194
86,21,9611
86,22,1688
86,23,11909
86,24,7760
86,25,416
86,26,144
86,27,4313
86,28,329
86,29,397
86,30,1261
86,31,211
86,32,344
86,33,475
86,34,3746
86,35,1137
86,36,749
86,37,114
86,38,5730
86,39,503
86,40,1111
86,41,705
86,42,3535
86,43,2319
86,44,951
86,45,12189
86,46,1643
86,47,2694
86,48,2894
86,49,645
86,50,1318
86,51,3129
86,52,1170
86,53,3536
86,54,1008
86,55,510
86,56,641
86,57,2721
86,58,1852
86,59,7138
86,60,4100
86,61,92
86,62,987
86,63,1151
86,64,293
86,65,1002
86,66,7081
86,67,2190
86,68,1064
86,69,3286
86,70,986
86,71,1337
86,72,1788
86,73,81
86,74,10726
86,75,500
86,76,3136
86,77,456
86,78,13274
86,79,1307
86,80,321
86,81,103
86,82,1354
86,83,9215
86,84,4571
86,85,1357
86,87,5005
86,88,48
86,89,2173
86,90,1077
86,91,543
86,92,958
87,0,1082
87,1,1338
87,2,1462
87,3,6336
87,4,207
87,5,436
87,6,619
87,7,3881
87,8,483
87,9,3532
87,10,4713
87,11,4108
87,12,1156
87,13,6085
87,14,140
87,15,11334
87,16,4729
87,17,901
87,18,3151
87,19,111
87,20,3323
87,21,8716
87,22,1814
87,23,9626
87,24,7092
87,25,533
87,26,132
87,27,4570
87,28,234
87,29,514
87,30,937
87,31,201
87,32,315
87,33,641
87,34,3470
87,35,984
87,36,645
87,37,101
87,38,4281
87,39,517
87,40,1964
87,41,607
87,42,3186
87,43,1803
87,44,1661
87,45,10020
87,46,2244
87,47,2137
87,48,5740
87,49,461
87,50,1246
87,51,2299
87,52,1014
87,53,3024
87,54,577
87,55,506
87,56,514
87,57,3363
87,58,1585
87,59,4928
87,60,3172
87,61,81
87,62,1777
87,63,1314
87,64,272
87,65,672
87,66,5495
87,67,3040
87,68,1162
87,69,4181
87,70,775
87,71,974
87,72,1164
87,73,66
87,74,6915
87,75,441
87,76,2835
87,77,468
87,78,10879
87,79,1283
87,80,376
87,81,107
87,82,1212
87,83,8894
87,84,4635
87,85,749
87,86,5005
87,88,70
87,89,1618
87,90,1020
87,91,565
87,92,1189
88,0,39
88,1,35
88,2,48
88,3,59
88,4,35
88,5,40
88,6,34
88,7,51
88,8,40
88,9,38
88,10,60
88,11,58
88,12,41
88,13,55
88,14,31
88,15,73
88,16,59
88,17,32
88,18,43
88,19,41
88,20,56
88,21,67
88,22,43
88,23,72
88,24,61
88,25,36
88,26,30
88,27,61
88,28,26
88,29,30
88,30,33
88,31,40
88,32,30
88,33,30
88,34,54
88,35,36
88,36,33
88,37,31
88,38,48
88,39,31
88,40,38
88,41,33
88,42,55
88,43,47
88,44,31
88,45,76
88,46,33
88,47,41
88,48,46
88,49,33
88,50,35
88,51,50
88,52,36
88,53,44
88,54,36
88,55,31
88,56,33
88,57,51
88,58,40
88,59,68
88,60,68
88,61,39
88,62,38
88,63,50
88,64,31
88,65,34
88,66,54
88,67,50
88,68,37
88,69,57
88,70,32
88,71,32
88,72,33
88,73,32
88,74,63
88,75,33
88,76,34
88,77,34
88,78,78
88,79,45
88,80,47
88,81,38
88,82,34
88,83,71
88,84,65
88,85,29
88,86,48
88,87,70
88,89,36
88,90,32
88,91,49
88,92,34
89,0,500
89,1,326
89,2,813
89,3,2987
89,4,124
89,5,741
89,6,267
89,7,2736
89,8,170
89,9,1395
89,10,1677
89,11,1651
89,12,739
89,13,3688
89,14,96
89,15,2736
89,16,2103
89,17,374
89,18,2388
89,19,74
89,20,1088
89,21,3618
89,22,471
89,23,4591
89,24,3652
89,25,161
89,26,78
89,27,997
89,28,130
89,29,153
89,30,643
89,31,160
89,32,184
89,33,188
89,34,1348
89,35,428
89,36,514
89,37,75
89,38,2099
89,39,350
89,40,514
89,41,392
89,42,1325
89,43,911
89,44,380
89,45,4684
89,46,526
89,47,995
89,48,844
89,49,276
89,50,670
89,51,966
89,52,499
89,53,1618
89,54,1047
89,55,276
89,56,305
89,57,756
89,58,1050
89,59,2118
89,60,1733
89,61,53
89,62,486
89,63,318
89,64,263
89,65,362
89,66,2090
89,67,637
89,68,350
89,69,988
89,70,332
89,71,769
89,72,527
89,73,63
89,74,3454
89,75,229
89,76,1453
89,77,353
89,78,4993
89,79,413
89,80,239
89,81,60
89,82,476
89,83,3792
89,84,2484
89,85,387
89,86,2173
89,87,1618
89,88,36
89,90,726
89,91,398
89,92,345
90,0,160
90,1,292
90,2,355
90,3,1621
90,4,78
90,5,130
90,6,163
90,7,1165
90,8,126
90,9,783
90,10,877
90,11,807
90,12,321
90,13,1687
90,14,57
90,15,1449
90,16,1034
90,17,145
90,18,1408
90,19,54
90,20,584
90,21,2054
90,22,411
90,23,2175
90,24,1921
90,25,115
90,26,42
90,27,589
90,28,89
90,29,84
90,30,285
90,31,71
90,32,68
90,33,184
90,34,564
90,35,279
90,36,186
90,37,47
90,38,1151
90,39,517
90,40,336
90,41,192
90,42,530
90,43,559
90,44,174
90,45,2253
90,46,259
90,47,614
90,48,636
90,49,109
90,50,927
90,51,518
90,52,258
90,53,1103
90,54,283
90,55,109
90,56,105
90,57,433
90,58,568
90,59,1122
90,60,730
90,61,47
90,62,303
90,63,168
90,64,135
90,65,145
90,66,1128
90,67,503
90,68,263
90,69,472
90,70,161
90,71,559
90,72,298
90,73,39
90,74,1710
90,75,194
90,76,618
90,77,140
90,78,2485
90,79,310
90,80,122
90,81,40
90,82,286
90,83,2106
90,84,1265
90,85,262
90,86,1077
90,87,1020
90,88,32
90,89,726
90,91,197
90,92,272
91,0,230
91,1,203
91,2,224
91,3,1154
91,4,82
91,5,79
91,6,104
91,7,655
91,8,118
91,9,336
91,10,475
91,11,452
91,12,164
91,13,993
91,14,89
91,15,926
91,16,392
91,17,174
91,18,563
91,19,62
91,20,379
91,21,906
91,22,116
91,23,1167
91,24,1263
91,25,93
91,26,44
91,27,341
91,28,87
91,29,73
91,30,167
91,31,66
91,32,52
91,33,112
91,34,590
91,35,145
91,36,212
91,37,54
91,38,469
91,39,125
91,40,226
91,41,142
91,42,642
91,43,434
91,44,120
91,45,1237
91,46,196
91,47,320
91,48,326
91,49,85
91,50,195
91,51,306
91,52,216
91,53,438
91,54,148
91,55,198
91,56,90
91,57,365
91,58,339
91,59,495
91,60,385
91,61,53
91,62,163
91,63,148
91,64,121
91,65,98
91,66,490
91,67,282
91,68,170
91,69,301
91,70,104
91,71,197
91,72,145
91,73,38
91,74,879
91,75,108
91,76,422
91,77,174
91,78,1334
91,79,320
91,80,262
91,81,58
91,82,264
91,83,1060
91,84,690
91,85,120
91,86,543
91,87,565
91,88,49
91,89,398
91,90,197
91,92,183
92,0,274
92,1,1209
92,2,208
92,3,1581
92,4,74
92,5,84
92,6,226
92,7,471
92,8,378
92,9,352
92,10,974
92,11,609
92,12,185
92,13,1099
92,14,61
92,15,1719
92,16,803
92,17,316
92,18,641
92,19,56
92,20,555
92,21,1531
92,22,175
92,23,1304
92,24,1435
92,25,599
92,26,69
92,27,864
92,28,150
92,29,166
92,30,181
92,31,72
92,32,89
92,33,945
92,34,738
92,35,243
92,36,229
92,37,62
92,38,608
92,39,269
92,40,791
92,41,146
92,42,713
92,43,438
92,44,169
92,45,1416
92,46,479
92,47,386
92,48,685
92,49,143
92,50,307
92,51,383
92,52,630
92,53,716
92,54,130
92,55,131
92,56,165
92,57,767
92,58,325
92,59,649
92,60,538
92,61,46
92,62,256
92,63,257
92,64,93
92,65,175
92,66,671
92,67,623
92,68,462
92,69,459
92,70,135
92,71,253
92,72,177
92,73,42
92,74,889
92,75,209
92,76,470
92,77,107
92,78,1516
92,79,641
92,80,97
92,81,44
92,82,485
92,83,1692
92,84,1028
92,85,256
92,86,958
92,87,1189
92,88,34
92,89,345
92,90,272
92,91,183
